v -1.000000 1.000000 1.000000
v -1.000000 -1.000000 1.000000
v -1.000000 1.000000 -1.000000
v -1.000000 -1.000000 -1.000000
v 1.000000 1.000000 1.000000
v 1.000000 -1.000000 1.000000
v 1.000000 1.000000 -1.000000
v 1.000000 -1.000000 -1.000000
v 1.000000 -1.000000 1.000000
v 1.000000 -1.000000 1.000000
v 1.000000 -1.000000 -1.000000
v 1.000000 -1.000000 -1.000000
v -1.000000 -1.000000 1.000000
v -1.000000 -1.000000 1.000000
v -1.000000 1.000000 1.000000
v -1.000000 1.000000 1.000000
v 1.000000 1.000000 -1.000000
v 1.000000 1.000000 -1.000000
v -1.000000 1.000000 -1.000000
v -1.000000 1.000000 -1.000000
v -1.000000 -1.000000 -1.000000
v -1.000000 -1.000000 -1.000000
v 1.000000 1.000000 1.000000
v 1.000000 1.000000 1.000000
f 24 20 16
f 19 12 21
f 17 9 11
f 13 8 10
f 15 22 14
f 23 2 6
f 24 18 20
f 19 7 12
f 17 5 9
f 13 4 8
f 15 3 22
f 23 1 2