v 3.989571 0.000000 -2.984219
v 3.989571 0.834638 -2.984219
v 3.989571 0.000000 3.117043
v 3.989571 0.834638 3.117043
v -3.015446 0.000000 -2.984219
v -3.015446 0.834638 -2.984219
v -3.015446 0.000000 3.117043
v -3.015446 0.834638 3.117043
v 3.989571 0.000000 0.066412
v 3.989571 0.417319 -2.984219
v 3.989571 0.834638 0.066412
v 3.989571 0.417319 3.117043
v 0.487062 0.000000 3.117043
v 0.487062 0.834638 3.117043
v -3.015446 0.417319 3.117043
v -3.015446 0.000000 0.066412
v -3.015446 0.834638 0.066412
v -3.015446 0.417319 -2.984219
v 0.487062 0.000000 -2.984219
v 0.487062 0.834638 -2.984219
v 3.989571 0.417319 0.066412
v 0.487062 0.417319 3.117043
v -3.015446 0.417319 0.066412
v 0.487062 0.417319 -2.984219
v 0.487062 0.000000 0.066412
v 0.487062 0.834638 0.066412
v 3.989571 0.000000 -1.458903
v 3.989571 0.625979 -2.984219
v 3.989571 0.834638 1.591727
v 3.989571 0.208660 3.117043
v 2.238317 0.000000 3.117043
v -1.264192 0.834638 3.117043
v -3.015446 0.208660 3.117043
v -3.015446 0.000000 1.591727
v -3.015446 0.834638 -1.458903
v -3.015446 0.208660 -2.984219
v -1.264192 0.000000 -2.984219
v 2.238317 0.834638 -2.984219
v 3.989571 0.625979 -1.458903
v 2.238317 0.625979 3.117043
v -3.015446 0.625979 1.591727
v -1.264192 0.625979 -2.984219
v -1.264192 0.000000 1.591727
v 2.238317 0.834638 1.591727
v 3.989571 0.000000 1.591727
v 3.989571 0.208660 -2.984219
v 3.989571 0.834638 -1.458903
v 3.989571 0.625979 3.117043
v -1.264192 0.000000 3.117043
v 2.238317 0.834638 3.117043
v -3.015446 0.625979 3.117043
v -3.015446 0.000000 -1.458903
v -3.015446 0.834638 1.591727
v -3.015446 0.625979 -2.984219
v 2.238317 0.000000 -2.984219
v -1.264192 0.834638 -2.984219
v 3.989571 0.208660 1.591727
v -1.264192 0.208660 3.117043
v -3.015446 0.208660 -1.458903
v 2.238317 0.208660 -2.984219
v 2.238317 0.000000 -1.458903
v -1.264192 0.834638 -1.458903
v 0.487062 0.834638 -1.458903
v 2.238317 0.834638 0.066412
v 2.238317 0.834638 -1.458903
v 0.487062 0.000000 -1.458903
v -1.264192 0.000000 0.066412
v -1.264192 0.000000 -1.458903
v 2.238317 0.417319 -2.984219
v 0.487062 0.625979 -2.984219
v 2.238317 0.625979 -2.984219
v -3.015446 0.417319 -1.458903
v -3.015446 0.625979 0.066412
v -3.015446 0.625979 -1.458903
v -1.264192 0.417319 3.117043
v 0.487062 0.625979 3.117043
v -1.264192 0.625979 3.117043
v 3.989571 0.417319 1.591727
v 3.989571 0.625979 0.066412
v 3.989571 0.625979 1.591727
v -1.264192 0.834638 1.591727
v 0.487062 0.834638 1.591727
v -1.264192 0.834638 0.066412
v 2.238317 0.000000 1.591727
v 0.487062 0.000000 1.591727
v 2.238317 0.000000 0.066412
v -1.264192 0.208660 -2.984219
v -1.264192 0.417319 -2.984219
v 0.487062 0.208660 -2.984219
v -3.015446 0.208660 1.591727
v -3.015446 0.417319 1.591727
v -3.015446 0.208660 0.066412
v 2.238317 0.208660 3.117043
v 2.238317 0.417319 3.117043
v 0.487062 0.208660 3.117043
v 3.989571 0.208660 -1.458903
v 3.989571 0.417319 -1.458903
v 3.989571 0.208660 0.066412
s
f 2 39 28
f 4 40 48
f 8 41 51
f 6 42 54
f 7 43 49
f 4 44 50
f 2 47 39
f 4 50 40
f 8 53 41
f 6 56 42
f 7 34 43
f 4 29 44
f 26 63 62
f 26 64 63
f 11 47 65
f 25 66 61
f 25 67 66
f 16 52 68
f 24 69 60
f 24 70 69
f 20 38 71
f 23 72 59
f 23 73 72
f 17 35 74
f 22 75 58
f 22 76 75
f 14 32 77
f 21 78 57
f 21 79 78
f 11 29 80
f 14 81 32
f 14 82 81
f 26 62 83
f 13 84 31
f 13 85 84
f 25 61 86
f 18 87 36
f 18 88 87
f 24 60 89
f 15 90 33
f 15 91 90
f 23 59 92
f 12 93 30
f 12 94 93
f 22 58 95
f 10 96 46
f 10 97 96
f 21 57 98
f 98 45 9
f 98 57 45
f 57 3 45
f 96 98 9
f 96 97 98
f 97 21 98
f 46 27 1
f 46 96 27
f 96 9 27
f 95 49 13
f 95 58 49
f 58 7 49
f 93 95 13
f 93 94 95
f 94 22 95
f 30 31 3
f 30 93 31
f 93 13 31
f 92 52 16
f 92 59 52
f 59 5 52
f 90 92 16
f 90 91 92
f 91 23 92
f 33 34 7
f 33 90 34
f 90 16 34
f 89 55 19
f 89 60 55
f 60 1 55
f 87 89 19
f 87 88 89
f 88 24 89
f 36 37 5
f 36 87 37
f 87 19 37
f 86 27 9
f 86 61 27
f 61 1 27
f 84 86 9
f 84 85 86
f 85 25 86
f 31 45 3
f 31 84 45
f 84 9 45
f 83 35 17
f 83 62 35
f 62 6 35
f 81 83 17
f 81 82 83
f 82 26 83
f 32 53 8
f 32 81 53
f 81 17 53
f 80 48 12
f 80 29 48
f 29 4 48
f 78 80 12
f 78 79 80
f 79 11 80
f 57 30 3
f 57 78 30
f 78 12 30
f 77 51 15
f 77 32 51
f 32 8 51
f 75 77 15
f 75 76 77
f 76 14 77
f 58 33 7
f 58 75 33
f 75 15 33
f 74 54 18
f 74 35 54
f 35 6 54
f 72 74 18
f 72 73 74
f 73 17 74
f 59 36 5
f 59 72 36
f 72 18 36
f 71 28 10
f 71 38 28
f 38 2 28
f 69 71 10
f 69 70 71
f 70 20 71
f 60 46 1
f 60 69 46
f 69 10 46
f 68 37 19
f 68 52 37
f 52 5 37
f 66 68 19
f 66 67 68
f 67 16 68
f 61 55 1
f 61 66 55
f 66 19 55
f 65 38 20
f 65 47 38
f 47 2 38
f 63 65 20
f 63 64 65
f 64 11 65
f 62 56 6
f 62 63 56
f 63 20 56
f 44 64 26
f 44 29 64
f 29 11 64
f 43 67 25
f 43 34 67
f 34 16 67
f 42 70 24
f 42 56 70
f 56 20 70
f 41 73 23
f 41 53 73
f 53 17 73
f 40 76 22
f 40 50 76
f 50 14 76
f 39 79 21
f 39 47 79
f 47 11 79
f 50 82 14
f 50 44 82
f 44 26 82
f 49 85 13
f 49 43 85
f 43 25 85
f 54 88 18
f 54 42 88
f 42 24 88
f 51 91 15
f 51 41 91
f 41 23 91
f 48 94 12
f 48 40 94
f 40 22 94
f 28 97 10
f 28 39 97
f 39 21 97
o Cube.001
v -1.359079 0.825087 -2.983120
v -1.359079 2.997201 -2.983120
v -1.359079 0.825087 -0.540488
v -1.359079 2.997201 -0.540488
v -1.804734 0.825087 -2.983120
v -1.804734 2.997201 -2.983120
v -1.804734 0.825087 -0.540488
v -1.804734 2.997201 -0.540488
s 0
f 100 101 99
f 102 105 101
f 106 103 105
f 104 99 103
f 105 99 101
f 102 104 106
f 100 102 101
f 102 106 105
f 106 104 103
f 104 100 99
f 105 103 99
f 102 100 104
o Cube.002
v -1.359079 0.816647 0.676640
v -1.359079 2.988760 0.676640
v -1.359079 0.816647 3.119273
v -1.359079 2.988760 3.119273
v -1.804734 0.816647 0.676640
v -1.804734 2.988760 0.676640
v -1.804734 0.816647 3.119273
v -1.804734 2.988760 3.119273
v -1.359079 0.816647 1.897956
v -1.359079 1.902704 0.676640
v -1.359079 2.988760 1.897956
v -1.359079 1.902704 3.119273
v -1.581907 0.816647 3.119273
v -1.581907 2.988760 3.119273
v -1.804734 1.902704 3.119273
v -1.804734 0.816647 1.897956
v -1.804734 2.988760 1.897956
v -1.804734 1.902704 0.676640
v -1.581907 0.816647 0.676640
v -1.581907 2.988760 0.676640
v -1.359079 1.902704 1.897956
v -1.581907 1.902704 3.119273
v -1.804734 1.902704 1.897956
v -1.581907 1.902704 0.676640
v -1.581907 0.816647 1.897956
v -1.581907 2.988760 1.897956
v -1.359079 0.816647 1.287298
v -1.359079 2.445732 0.676640
v -1.359079 2.988760 2.508615
v -1.359079 1.359675 3.119273
v -1.470493 0.816647 3.119273
v -1.693320 2.988760 3.119273
v -1.804734 1.359675 3.119273
v -1.804734 0.816647 2.508615
v -1.804734 2.988760 1.287298
v -1.804734 1.359675 0.676640
v -1.693320 0.816647 0.676640
v -1.470493 2.988760 0.676640
v -1.359079 2.445732 1.287298
v -1.470493 2.445732 3.119273
v -1.804734 2.445732 2.508615
v -1.693320 2.445732 0.676640
v -1.693320 0.816647 2.508615
v -1.470493 2.988760 2.508615
v -1.359079 0.816647 2.508615
v -1.359079 1.359675 0.676640
v -1.359079 2.988760 1.287298
v -1.359079 2.445732 3.119273
v -1.693320 0.816647 3.119273
v -1.470493 2.988760 3.119273
v -1.804734 2.445732 3.119273
v -1.804734 0.816647 1.287298
v -1.804734 2.988760 2.508615
v -1.804734 2.445732 0.676640
v -1.470493 0.816647 0.676640
v -1.693320 2.988760 0.676640
v -1.359079 1.359675 2.508615
v -1.693320 1.359675 3.119273
v -1.804734 1.359675 1.287298
v -1.470493 1.359675 0.676640
v -1.470493 0.816647 1.287298
v -1.693320 2.988760 1.287298
v -1.581907 2.988760 1.287298
v -1.470493 2.988760 1.897956
v -1.470493 2.988760 1.287298
v -1.581907 0.816647 1.287298
v -1.693320 0.816647 1.897956
v -1.693320 0.816647 1.287298
v -1.470493 1.902704 0.676640
v -1.581907 2.445732 0.676640
v -1.470493 2.445732 0.676640
v -1.804734 1.902704 1.287298
v -1.804734 2.445732 1.897956
v -1.804734 2.445732 1.287298
v -1.693320 1.902704 3.119273
v -1.581907 2.445732 3.119273
v -1.693320 2.445732 3.119273
v -1.359079 1.902704 2.508615
v -1.359079 2.445732 1.897956
v -1.359079 2.445732 2.508615
v -1.693320 2.988760 2.508615
v -1.581907 2.988760 2.508615
v -1.693320 2.988760 1.897956
v -1.470493 0.816647 2.508615
v -1.581907 0.816647 2.508615
v -1.470493 0.816647 1.897956
v -1.693320 1.359675 0.676640
v -1.693320 1.902704 0.676640
v -1.581907 1.359675 0.676640
v -1.804734 1.359675 2.508615
v -1.804734 1.902704 2.508615
v -1.804734 1.359675 1.897956
v -1.470493 1.359675 3.119273
v -1.470493 1.902704 3.119273
v -1.581907 1.359675 3.119273
v -1.359079 1.359675 1.287298
v -1.359079 1.902704 1.287298
v -1.359079 1.359675 1.897956
s 0
f 108 145 134
f 110 146 154
f 114 147 157
f 112 148 160
f 113 149 155
f 110 150 156
f 108 153 145
f 110 156 146
f 114 159 147
f 112 162 148
f 113 140 149
f 110 135 150
f 132 169 168
f 132 170 169
f 117 153 171
f 131 172 167
f 131 173 172
f 122 158 174
f 130 175 166
f 130 176 175
f 126 144 177
f 129 178 165
f 129 179 178
f 123 141 180
f 128 181 164
f 128 182 181
f 120 138 183
f 127 184 163
f 127 185 184
f 117 135 186
f 120 187 138
f 120 188 187
f 132 168 189
f 119 190 137
f 119 191 190
f 131 167 192
f 124 193 142
f 124 194 193
f 130 166 195
f 121 196 139
f 121 197 196
f 129 165 198
f 118 199 136
f 118 200 199
f 128 164 201
f 116 202 152
f 116 203 202
f 127 163 204
f 204 151 115
f 204 163 151
f 163 109 151
f 202 204 115
f 202 203 204
f 203 127 204
f 152 133 107
f 152 202 133
f 202 115 133
f 201 155 119
f 201 164 155
f 164 113 155
f 199 201 119
f 199 200 201
f 200 128 201
f 136 137 109
f 136 199 137
f 199 119 137
f 198 158 122
f 198 165 158
f 165 111 158
f 196 198 122
f 196 197 198
f 197 129 198
f 139 140 113
f 139 196 140
f 196 122 140
f 195 161 125
f 195 166 161
f 166 107 161
f 193 195 125
f 193 194 195
f 194 130 195
f 142 143 111
f 142 193 143
f 193 125 143
f 192 133 115
f 192 167 133
f 167 107 133
f 190 192 115
f 190 191 192
f 191 131 192
f 137 151 109
f 137 190 151
f 190 115 151
f 189 141 123
f 189 168 141
f 168 112 141
f 187 189 123
f 187 188 189
f 188 132 189
f 138 159 114
f 138 187 159
f 187 123 159
f 186 154 118
f 186 135 154
f 135 110 154
f 184 186 118
f 184 185 186
f 185 117 186
f 163 136 109
f 163 184 136
f 184 118 136
f 183 157 121
f 183 138 157
f 138 114 157
f 181 183 121
f 181 182 183
f 182 120 183
f 164 139 113
f 164 181 139
f 181 121 139
f 180 160 124
f 180 141 160
f 141 112 160
f 178 180 124
f 178 179 180
f 179 123 180
f 165 142 111
f 165 178 142
f 178 124 142
f 177 134 116
f 177 144 134
f 144 108 134
f 175 177 116
f 175 176 177
f 176 126 177
f 166 152 107
f 166 175 152
f 175 116 152
f 174 143 125
f 174 158 143
f 158 111 143
f 172 174 125
f 172 173 174
f 173 122 174
f 167 161 107
f 167 172 161
f 172 125 161
f 171 144 126
f 171 153 144
f 153 108 144
f 169 171 126
f 169 170 171
f 170 117 171
f 168 162 112
f 168 169 162
f 169 126 162
f 150 170 132
f 150 135 170
f 135 117 170
f 149 173 131
f 149 140 173
f 140 122 173
f 148 176 130
f 148 162 176
f 162 126 176
f 147 179 129
f 147 159 179
f 159 123 179
f 146 182 128
f 146 156 182
f 156 120 182
f 145 185 127
f 145 153 185
f 153 117 185
f 156 188 120
f 156 150 188
f 150 132 188
f 155 191 119
f 155 149 191
f 149 131 191
f 160 194 124
f 160 148 194
f 148 130 194
f 157 197 121
f 157 147 197
f 147 129 197
f 154 200 118
f 154 146 200
f 146 128 200
f 134 203 116
f 134 145 203
f 145 127 203
o Cube.003
v 3.977221 0.834639 2.667229
v 3.977221 2.985004 2.667229
v 3.977221 0.834639 3.116729
v 3.977221 2.985004 3.116729
v -1.362144 0.834639 2.667229
v -1.362144 2.985004 2.667229
v -1.362144 0.834639 3.116729
v -1.362144 2.985004 3.116729
v 3.977221 0.834639 2.891979
v 3.977221 1.909822 2.667229
v 3.977221 2.985004 2.891979
v 3.977221 1.909822 3.116729
v 1.307539 0.834639 3.116729
v 1.307539 2.985004 3.116729
v -1.362144 1.909822 3.116729
v -1.362144 0.834639 2.891979
v -1.362144 2.985004 2.891979
v -1.362144 1.909822 2.667229
v 1.307539 0.834639 2.667229
v 1.307539 2.985004 2.667229
v 3.977221 1.909822 2.891979
v 1.307539 1.909822 3.116729
v -1.362144 1.909822 2.891979
v 1.307539 1.909822 2.667229
v 1.307539 0.834639 2.891979
v 1.307539 2.985004 2.891979
v 3.977221 0.834639 2.779604
v 3.977221 2.447413 2.667229
v 3.977221 2.985004 3.004354
v 3.977221 1.372230 3.116729
v 2.642380 0.834639 3.116729
v -0.027302 2.985004 3.116729
v -1.362144 1.372230 3.116729
v -1.362144 0.834639 3.004354
v -1.362144 2.985004 2.779604
v -1.362144 1.372230 2.667229
v -0.027302 0.834639 2.667229
v 2.642380 2.985004 2.667229
v 3.977221 2.447413 2.779604
v 2.642380 2.447413 3.116729
v -1.362144 2.447413 3.004354
v -0.027302 2.447413 2.667229
v -0.027302 0.834639 3.004354
v 2.642380 2.985004 3.004354
v 3.977221 0.834639 3.004354
v 3.977221 1.372230 2.667229
v 3.977221 2.985004 2.779604
v 3.977221 2.447413 3.116729
v -0.027302 0.834639 3.116729
v 2.642380 2.985004 3.116729
v -1.362144 2.447413 3.116729
v -1.362144 0.834639 2.779604
v -1.362144 2.985004 3.004354
v -1.362144 2.447413 2.667229
v 2.642380 0.834639 2.667229
v -0.027302 2.985004 2.667229
v 3.977221 1.372230 3.004354
v -0.027302 1.372230 3.116729
v -1.362144 1.372230 2.779604
v 2.642380 1.372230 2.667229
v 2.642380 0.834639 2.779604
v -0.027302 2.985004 2.779604
v 1.307539 2.985004 2.779604
v 2.642380 2.985004 2.891979
v 2.642380 2.985004 2.779604
v 1.307539 0.834639 2.779604
v -0.027302 0.834639 2.891979
v -0.027302 0.834639 2.779604
v 2.642380 1.909822 2.667229
v 1.307539 2.447413 2.667229
v 2.642380 2.447413 2.667229
v -1.362144 1.909822 2.779604
v -1.362144 2.447413 2.891979
v -1.362144 2.447413 2.779604
v -0.027302 1.909822 3.116729
v 1.307539 2.447413 3.116729
v -0.027302 2.447413 3.116729
v 3.977221 1.909822 3.004354
v 3.977221 2.447413 2.891979
v 3.977221 2.447413 3.004354
v -0.027302 2.985004 3.004354
v 1.307539 2.985004 3.004354
v -0.027302 2.985004 2.891979
v 2.642380 0.834639 3.004354
v 1.307539 0.834639 3.004354
v 2.642380 0.834639 2.891979
v -0.027302 1.372230 2.667229
v -0.027302 1.909822 2.667229
v 1.307539 1.372230 2.667229
v -1.362144 1.372230 3.004354
v -1.362144 1.909822 3.004354
v -1.362144 1.372230 2.891979
v 2.642380 1.372230 3.116729
v 2.642380 1.909822 3.116729
v 1.307539 1.372230 3.116729
v 3.977221 1.372230 2.779604
v 3.977221 1.909822 2.779604
v 3.977221 1.372230 2.891979
s 0
f 206 243 232
f 208 244 252
f 212 245 255
f 210 246 258
f 211 247 253
f 208 248 254
f 206 251 243
f 208 254 244
f 212 257 245
f 210 260 246
f 211 238 247
f 208 233 248
f 230 267 266
f 230 268 267
f 215 251 269
f 229 270 265
f 229 271 270
f 220 256 272
f 228 273 264
f 228 274 273
f 224 242 275
f 227 276 263
f 227 277 276
f 221 239 278
f 226 279 262
f 226 280 279
f 218 236 281
f 225 282 261
f 225 283 282
f 215 233 284
f 218 285 236
f 218 286 285
f 230 266 287
f 217 288 235
f 217 289 288
f 229 265 290
f 222 291 240
f 222 292 291
f 228 264 293
f 219 294 237
f 219 295 294
f 227 263 296
f 216 297 234
f 216 298 297
f 226 262 299
f 214 300 250
f 214 301 300
f 225 261 302
f 302 249 213
f 302 261 249
f 261 207 249
f 300 302 213
f 300 301 302
f 301 225 302
f 250 231 205
f 250 300 231
f 300 213 231
f 299 253 217
f 299 262 253
f 262 211 253
f 297 299 217
f 297 298 299
f 298 226 299
f 234 235 207
f 234 297 235
f 297 217 235
f 296 256 220
f 296 263 256
f 263 209 256
f 294 296 220
f 294 295 296
f 295 227 296
f 237 238 211
f 237 294 238
f 294 220 238
f 293 259 223
f 293 264 259
f 264 205 259
f 291 293 223
f 291 292 293
f 292 228 293
f 240 241 209
f 240 291 241
f 291 223 241
f 290 231 213
f 290 265 231
f 265 205 231
f 288 290 213
f 288 289 290
f 289 229 290
f 235 249 207
f 235 288 249
f 288 213 249
f 287 239 221
f 287 266 239
f 266 210 239
f 285 287 221
f 285 286 287
f 286 230 287
f 236 257 212
f 236 285 257
f 285 221 257
f 284 252 216
f 284 233 252
f 233 208 252
f 282 284 216
f 282 283 284
f 283 215 284
f 261 234 207
f 261 282 234
f 282 216 234
f 281 255 219
f 281 236 255
f 236 212 255
f 279 281 219
f 279 280 281
f 280 218 281
f 262 237 211
f 262 279 237
f 279 219 237
f 278 258 222
f 278 239 258
f 239 210 258
f 276 278 222
f 276 277 278
f 277 221 278
f 263 240 209
f 263 276 240
f 276 222 240
f 275 232 214
f 275 242 232
f 242 206 232
f 273 275 214
f 273 274 275
f 274 224 275
f 264 250 205
f 264 273 250
f 273 214 250
f 272 241 223
f 272 256 241
f 256 209 241
f 270 272 223
f 270 271 272
f 271 220 272
f 265 259 205
f 265 270 259
f 270 223 259
f 269 242 224
f 269 251 242
f 251 206 242
f 267 269 224
f 267 268 269
f 268 215 269
f 266 260 210
f 266 267 260
f 267 224 260
f 248 268 230
f 248 233 268
f 233 215 268
f 247 271 229
f 247 238 271
f 238 220 271
f 246 274 228
f 246 260 274
f 260 224 274
f 245 277 227
f 245 257 277
f 257 221 277
f 244 280 226
f 244 254 280
f 254 218 280
f 243 283 225
f 243 251 283
f 251 215 283
f 254 286 218
f 254 248 286
f 248 230 286
f 253 289 217
f 253 247 289
f 247 229 289
f 258 292 222
f 258 246 292
f 246 228 292
f 255 295 219
f 255 245 295
f 245 227 295
f 252 298 216
f 252 244 298
f 244 226 298
f 232 301 214
f 232 243 301
f 243 225 301
o Cube.004
v 3.977221 0.834639 -2.972033
v 3.977221 2.985004 -2.972033
v 3.977221 0.834639 -2.522533
v 3.977221 2.985004 -2.522533
v -1.362144 0.834639 -2.972033
v -1.362144 2.985004 -2.972033
v -1.362144 0.834639 -2.522533
v -1.362144 2.985004 -2.522533
v 3.977221 0.834639 -2.747283
v 3.977221 1.909822 -2.972033
v 3.977221 2.985004 -2.747283
v 3.977221 1.909822 -2.522533
v 1.307539 0.834639 -2.522533
v 1.307539 2.985004 -2.522533
v -1.362144 1.909822 -2.522533
v -1.362144 0.834639 -2.747283
v -1.362144 2.985004 -2.747283
v -1.362144 1.909822 -2.972033
v 1.307539 0.834639 -2.972033
v 1.307539 2.985004 -2.972033
v 3.977221 1.909822 -2.747283
v 1.307539 1.909822 -2.522533
v -1.362144 1.909822 -2.747283
v 1.307539 1.909822 -2.972033
v 1.307539 0.834639 -2.747283
v 1.307539 2.985004 -2.747283
v 3.977221 0.834639 -2.859658
v 3.977221 2.447413 -2.972033
v 3.977221 2.985004 -2.634908
v 3.977221 1.372230 -2.522533
v 2.642380 0.834639 -2.522533
v -0.027302 2.985004 -2.522533
v -1.362144 1.372230 -2.522533
v -1.362144 0.834639 -2.634908
v -1.362144 2.985004 -2.859658
v -1.362144 1.372230 -2.972033
v -0.027302 0.834639 -2.972033
v 2.642380 2.985004 -2.972033
v 3.977221 2.447413 -2.859658
v 2.642380 2.447413 -2.522533
v -1.362144 2.447413 -2.634908
v -0.027302 2.447413 -2.972033
v -0.027302 0.834639 -2.634908
v 2.642380 2.985004 -2.634908
v 3.977221 0.834639 -2.634908
v 3.977221 1.372230 -2.972033
v 3.977221 2.985004 -2.859658
v 3.977221 2.447413 -2.522533
v -0.027302 0.834639 -2.522533
v 2.642380 2.985004 -2.522533
v -1.362144 2.447413 -2.522533
v -1.362144 0.834639 -2.859658
v -1.362144 2.985004 -2.634908
v -1.362144 2.447413 -2.972033
v 2.642380 0.834639 -2.972033
v -0.027302 2.985004 -2.972033
v 3.977221 1.372230 -2.634908
v -0.027302 1.372230 -2.522533
v -1.362144 1.372230 -2.859658
v 2.642380 1.372230 -2.972033
v 2.642380 0.834639 -2.859658
v -0.027302 2.985004 -2.859658
v 1.307539 2.985004 -2.859658
v 2.642380 2.985004 -2.747283
v 2.642380 2.985004 -2.859658
v 1.307539 0.834639 -2.859658
v -0.027302 0.834639 -2.747283
v -0.027302 0.834639 -2.859658
v 2.642380 1.909822 -2.972033
v 1.307539 2.447413 -2.972033
v 2.642380 2.447413 -2.972033
v -1.362144 1.909822 -2.859658
v -1.362144 2.447413 -2.747283
v -1.362144 2.447413 -2.859658
v -0.027302 1.909822 -2.522533
v 1.307539 2.447413 -2.522533
v -0.027302 2.447413 -2.522533
v 3.977221 1.909822 -2.634908
v 3.977221 2.447413 -2.747283
v 3.977221 2.447413 -2.634908
v -0.027302 2.985004 -2.634908
v 1.307539 2.985004 -2.634908
v -0.027302 2.985004 -2.747283
v 2.642380 0.834639 -2.634908
v 1.307539 0.834639 -2.634908
v 2.642380 0.834639 -2.747283
v -0.027302 1.372230 -2.972033
v -0.027302 1.909822 -2.972033
v 1.307539 1.372230 -2.972033
v -1.362144 1.372230 -2.634908
v -1.362144 1.909822 -2.634908
v -1.362144 1.372230 -2.747283
v 2.642380 1.372230 -2.522533
v 2.642380 1.909822 -2.522533
v 1.307539 1.372230 -2.522533
v 3.977221 1.372230 -2.859658
v 3.977221 1.909822 -2.859658
v 3.977221 1.372230 -2.747283
s 0
f 304 341 330
f 306 342 350
f 310 343 353
f 308 344 356
f 309 345 351
f 306 346 352
f 304 349 341
f 306 352 342
f 310 355 343
f 308 358 344
f 309 336 345
f 306 331 346
f 328 365 364
f 328 366 365
f 313 349 367
f 327 368 363
f 327 369 368
f 318 354 370
f 326 371 362
f 326 372 371
f 322 340 373
f 325 374 361
f 325 375 374
f 319 337 376
f 324 377 360
f 324 378 377
f 316 334 379
f 323 380 359
f 323 381 380
f 313 331 382
f 316 383 334
f 316 384 383
f 328 364 385
f 315 386 333
f 315 387 386
f 327 363 388
f 320 389 338
f 320 390 389
f 326 362 391
f 317 392 335
f 317 393 392
f 325 361 394
f 314 395 332
f 314 396 395
f 324 360 397
f 312 398 348
f 312 399 398
f 323 359 400
f 400 347 311
f 400 359 347
f 359 305 347
f 398 400 311
f 398 399 400
f 399 323 400
f 348 329 303
f 348 398 329
f 398 311 329
f 397 351 315
f 397 360 351
f 360 309 351
f 395 397 315
f 395 396 397
f 396 324 397
f 332 333 305
f 332 395 333
f 395 315 333
f 394 354 318
f 394 361 354
f 361 307 354
f 392 394 318
f 392 393 394
f 393 325 394
f 335 336 309
f 335 392 336
f 392 318 336
f 391 357 321
f 391 362 357
f 362 303 357
f 389 391 321
f 389 390 391
f 390 326 391
f 338 339 307
f 338 389 339
f 389 321 339
f 388 329 311
f 388 363 329
f 363 303 329
f 386 388 311
f 386 387 388
f 387 327 388
f 333 347 305
f 333 386 347
f 386 311 347
f 385 337 319
f 385 364 337
f 364 308 337
f 383 385 319
f 383 384 385
f 384 328 385
f 334 355 310
f 334 383 355
f 383 319 355
f 382 350 314
f 382 331 350
f 331 306 350
f 380 382 314
f 380 381 382
f 381 313 382
f 359 332 305
f 359 380 332
f 380 314 332
f 379 353 317
f 379 334 353
f 334 310 353
f 377 379 317
f 377 378 379
f 378 316 379
f 360 335 309
f 360 377 335
f 377 317 335
f 376 356 320
f 376 337 356
f 337 308 356
f 374 376 320
f 374 375 376
f 375 319 376
f 361 338 307
f 361 374 338
f 374 320 338
f 373 330 312
f 373 340 330
f 340 304 330
f 371 373 312
f 371 372 373
f 372 322 373
f 362 348 303
f 362 371 348
f 371 312 348
f 370 339 321
f 370 354 339
f 354 307 339
f 368 370 321
f 368 369 370
f 369 318 370
f 363 357 303
f 363 368 357
f 368 321 357
f 367 340 322
f 367 349 340
f 349 304 340
f 365 367 322
f 365 366 367
f 366 313 367
f 364 358 308
f 364 365 358
f 365 322 358
f 346 366 328
f 346 331 366
f 331 313 366
f 345 369 327
f 345 336 369
f 336 318 369
f 344 372 326
f 344 358 372
f 358 322 372
f 343 375 325
f 343 355 375
f 355 319 375
f 342 378 324
f 342 352 378
f 352 316 378
f 341 381 323
f 341 349 381
f 349 313 381
f 352 384 316
f 352 346 384
f 346 328 384
f 351 387 315
f 351 345 387
f 345 327 387
f 356 390 320
f 356 344 390
f 344 326 390
f 353 393 317
f 353 343 393
f 343 325 393
f 350 396 314
f 350 342 396
f 342 324 396
f 330 399 312
f 330 341 399
f 341 323 399
o Cube.005
v 3.955211 0.834638 -2.523214
v 3.955211 2.981099 -2.523214
v 3.955211 0.834638 2.661480
v 3.955211 2.981099 2.661480
v 3.372646 0.834638 -2.523214
v 3.372646 2.981099 -2.523214
v 3.372646 0.834638 2.661480
v 3.372646 2.981099 2.661480
v 3.955211 0.834638 0.069133
v 3.955211 1.907869 -2.523214
v 3.955211 2.981099 0.069133
v 3.955211 1.907869 2.661480
v 3.663929 0.834638 2.661480
v 3.663929 2.981099 2.661480
v 3.372646 1.907869 2.661480
v 3.372646 0.834638 0.069133
v 3.372646 2.981099 0.069133
v 3.372646 1.907869 -2.523214
v 3.663929 0.834638 -2.523214
v 3.663929 2.981099 -2.523214
v 3.955211 1.907869 0.069133
v 3.663929 1.907869 2.661480
v 3.372646 1.907869 0.069133
v 3.663929 1.907869 -2.523214
v 3.663929 0.834638 0.069133
v 3.663929 2.981099 0.069133
v 3.955211 0.834638 -1.227040
v 3.955211 2.444484 -2.523214
v 3.955211 2.981099 1.365306
v 3.955211 1.371253 2.661480
v 3.809570 0.834638 2.661480
v 3.518288 2.981099 2.661480
v 3.372646 1.371253 2.661480
v 3.372646 0.834638 1.365306
v 3.372646 2.981099 -1.227040
v 3.372646 1.371253 -2.523214
v 3.518288 0.834638 -2.523214
v 3.809570 2.981099 -2.523214
v 3.955211 2.444484 -1.227040
v 3.809570 2.444484 2.661480
v 3.372646 2.444484 1.365306
v 3.518288 2.444484 -2.523214
v 3.518288 0.834638 1.365306
v 3.809570 2.981099 1.365306
v 3.955211 0.834638 1.365306
v 3.955211 1.371253 -2.523214
v 3.955211 2.981099 -1.227040
v 3.955211 2.444484 2.661480
v 3.518288 0.834638 2.661480
v 3.809570 2.981099 2.661480
v 3.372646 2.444484 2.661480
v 3.372646 0.834638 -1.227040
v 3.372646 2.981099 1.365306
v 3.372646 2.444484 -2.523214
v 3.809570 0.834638 -2.523214
v 3.518288 2.981099 -2.523214
v 3.955211 1.371253 1.365306
v 3.518288 1.371253 2.661480
v 3.372646 1.371253 -1.227040
v 3.809570 1.371253 -2.523214
v 3.809570 0.834638 -1.227040
v 3.518288 2.981099 -1.227040
v 3.663929 2.981099 -1.227040
v 3.809570 2.981099 0.069133
v 3.809570 2.981099 -1.227040
v 3.663929 0.834638 -1.227040
v 3.518288 0.834638 0.069133
v 3.518288 0.834638 -1.227040
v 3.809570 1.907869 -2.523214
v 3.663929 2.444484 -2.523214
v 3.809570 2.444484 -2.523214
v 3.372646 1.907869 -1.227040
v 3.372646 2.444484 0.069133
v 3.372646 2.444484 -1.227040
v 3.518288 1.907869 2.661480
v 3.663929 2.444484 2.661480
v 3.518288 2.444484 2.661480
v 3.955211 1.907869 1.365306
v 3.955211 2.444484 0.069133
v 3.955211 2.444484 1.365306
v 3.518288 2.981099 1.365306
v 3.663929 2.981099 1.365306
v 3.518288 2.981099 0.069133
v 3.809570 0.834638 1.365306
v 3.663929 0.834638 1.365306
v 3.809570 0.834638 0.069133
v 3.518288 1.371253 -2.523214
v 3.518288 1.907869 -2.523214
v 3.663929 1.371253 -2.523214
v 3.372646 1.371253 1.365306
v 3.372646 1.907869 1.365306
v 3.372646 1.371253 0.069133
v 3.809570 1.371253 2.661480
v 3.809570 1.907869 2.661480
v 3.663929 1.371253 2.661480
v 3.955211 1.371253 -1.227040
v 3.955211 1.907869 -1.227040
v 3.955211 1.371253 0.069133
s 0
f 402 439 428
f 404 440 448
f 408 441 451
f 406 442 454
f 407 443 449
f 404 444 450
f 402 447 439
f 404 450 440
f 408 453 441
f 406 456 442
f 407 434 443
f 404 429 444
f 426 463 462
f 426 464 463
f 411 447 465
f 425 466 461
f 425 467 466
f 416 452 468
f 424 469 460
f 424 470 469
f 420 438 471
f 423 472 459
f 423 473 472
f 417 435 474
f 422 475 458
f 422 476 475
f 414 432 477
f 421 478 457
f 421 479 478
f 411 429 480
f 414 481 432
f 414 482 481
f 426 462 483
f 413 484 431
f 413 485 484
f 425 461 486
f 418 487 436
f 418 488 487
f 424 460 489
f 415 490 433
f 415 491 490
f 423 459 492
f 412 493 430
f 412 494 493
f 422 458 495
f 410 496 446
f 410 497 496
f 421 457 498
f 498 445 409
f 498 457 445
f 457 403 445
f 496 498 409
f 496 497 498
f 497 421 498
f 446 427 401
f 446 496 427
f 496 409 427
f 495 449 413
f 495 458 449
f 458 407 449
f 493 495 413
f 493 494 495
f 494 422 495
f 430 431 403
f 430 493 431
f 493 413 431
f 492 452 416
f 492 459 452
f 459 405 452
f 490 492 416
f 490 491 492
f 491 423 492
f 433 434 407
f 433 490 434
f 490 416 434
f 489 455 419
f 489 460 455
f 460 401 455
f 487 489 419
f 487 488 489
f 488 424 489
f 436 437 405
f 436 487 437
f 487 419 437
f 486 427 409
f 486 461 427
f 461 401 427
f 484 486 409
f 484 485 486
f 485 425 486
f 431 445 403
f 431 484 445
f 484 409 445
f 483 435 417
f 483 462 435
f 462 406 435
f 481 483 417
f 481 482 483
f 482 426 483
f 432 453 408
f 432 481 453
f 481 417 453
f 480 448 412
f 480 429 448
f 429 404 448
f 478 480 412
f 478 479 480
f 479 411 480
f 457 430 403
f 457 478 430
f 478 412 430
f 477 451 415
f 477 432 451
f 432 408 451
f 475 477 415
f 475 476 477
f 476 414 477
f 458 433 407
f 458 475 433
f 475 415 433
f 474 454 418
f 474 435 454
f 435 406 454
f 472 474 418
f 472 473 474
f 473 417 474
f 459 436 405
f 459 472 436
f 472 418 436
f 471 428 410
f 471 438 428
f 438 402 428
f 469 471 410
f 469 470 471
f 470 420 471
f 460 446 401
f 460 469 446
f 469 410 446
f 468 437 419
f 468 452 437
f 452 405 437
f 466 468 419
f 466 467 468
f 467 416 468
f 461 455 401
f 461 466 455
f 466 419 455
f 465 438 420
f 465 447 438
f 447 402 438
f 463 465 420
f 463 464 465
f 464 411 465
f 462 456 406
f 462 463 456
f 463 420 456
f 444 464 426
f 444 429 464
f 429 411 464
f 443 467 425
f 443 434 467
f 434 416 467
f 442 470 424
f 442 456 470
f 456 420 470
f 441 473 423
f 441 453 473
f 453 417 473
f 440 476 422
f 440 450 476
f 450 414 476
f 439 479 421
f 439 447 479
f 447 411 479
f 450 482 414
f 450 444 482
f 444 426 482
f 449 485 413
f 449 443 485
f 443 425 485
f 454 488 418
f 454 442 488
f 442 424 488
f 451 491 415
f 451 441 491
f 441 423 491
f 448 494 412
f 448 440 494
f 440 422 494
f 428 497 410
f 428 439 497
f 439 421 497
o Cube.006
v 5.409986 2.325926 -4.056097
v 5.409986 2.425089 -4.113421
v 5.409986 5.355138 1.183933
v 5.409986 5.454301 1.126608
v -3.554210 2.325926 -4.056097
v -3.554210 2.425089 -4.113421
v -3.554210 5.355138 1.183933
v -3.554210 5.454301 1.126608
v 5.409986 3.840532 -1.436082
v 5.409986 2.375507 -4.084759
v 5.409986 3.939695 -1.493407
v 5.409986 5.404719 1.155271
v 0.927888 5.355138 1.183933
v 0.927888 5.454301 1.126608
v -3.554210 5.404719 1.155271
v -3.554210 3.840532 -1.436082
v -3.554210 3.939695 -1.493407
v -3.554210 2.375507 -4.084759
v 0.927888 2.325926 -4.056097
v 0.927888 2.425089 -4.113421
v 5.409986 3.890113 -1.464744
v 0.927888 5.404719 1.155271
v -3.554210 3.890113 -1.464744
v 0.927888 2.375507 -4.084759
v 0.927888 3.840532 -1.436082
v 0.927888 3.939695 -1.493407
v 5.409986 3.083229 -2.746089
v 5.409986 2.400298 -4.099091
v 5.409986 4.696998 -0.183399
v 5.409986 5.379929 1.169602
v 3.168937 5.355138 1.183933
v -1.313161 5.454301 1.126608
v -3.554210 5.379929 1.169602
v -3.554210 4.597835 -0.126074
v -3.554210 3.182392 -2.803414
v -3.554210 2.350717 -4.070428
v -1.313161 2.325926 -4.056097
v 3.168937 2.425089 -4.113421
v 5.409986 3.157601 -2.789083
v 3.168937 5.429510 1.140939
v -3.554210 4.672207 -0.169068
v -1.313161 2.400298 -4.099091
v -1.313161 4.597835 -0.126074
v 3.168937 4.696998 -0.183399
v 5.409986 4.597835 -0.126074
v 5.409986 2.350717 -4.070428
v 5.409986 3.182392 -2.803414
v 5.409986 5.429510 1.140939
v -1.313161 5.355138 1.183933
v 3.168937 5.454301 1.126608
v -3.554210 5.429510 1.140939
v -3.554210 3.083229 -2.746089
v -3.554210 4.696998 -0.183399
v -3.554210 2.400298 -4.099091
v 3.168937 2.325926 -4.056097
v -1.313161 2.425089 -4.113421
v 5.409986 4.622625 -0.140406
v -1.313161 5.379929 1.169602
v -3.554210 3.108020 -2.760420
v 3.168937 2.350717 -4.070428
v 3.168937 3.083229 -2.746089
v -1.313161 3.182392 -2.803414
v 0.927888 3.182392 -2.803414
v 3.168937 3.939695 -1.493407
v 3.168937 3.182392 -2.803414
v 0.927888 3.083229 -2.746089
v -1.313161 3.840532 -1.436082
v -1.313161 3.083229 -2.746089
v 3.168937 2.375507 -4.084759
v 0.927888 2.400298 -4.099091
v 3.168937 2.400298 -4.099091
v -3.554210 3.132810 -2.774752
v -3.554210 3.914904 -1.479075
v -3.554210 3.157601 -2.789083
v -1.313161 5.404719 1.155271
v 0.927888 5.429510 1.140939
v -1.313161 5.429510 1.140939
v 5.409986 4.647416 -0.154737
v 5.409986 3.914904 -1.479075
v 5.409986 4.672207 -0.169068
v -1.313161 4.696998 -0.183399
v 0.927888 4.696998 -0.183399
v -1.313161 3.939695 -1.493407
v 3.168937 4.597835 -0.126074
v 0.927888 4.597835 -0.126074
v 3.168937 3.840532 -1.436082
v -1.313161 2.350717 -4.070428
v -1.313161 2.375507 -4.084759
v 0.927888 2.350717 -4.070428
v -3.554210 4.622625 -0.140406
v -3.554210 4.647416 -0.154737
v -3.554210 3.865323 -1.450413
v 3.168937 5.379929 1.169602
v 3.168937 5.404719 1.155271
v 0.927888 5.379929 1.169602
v 5.409986 3.108020 -2.760420
v 5.409986 3.132810 -2.774752
v 5.409986 3.865323 -1.450413
s 0
f 500 537 526
f 502 538 546
f 506 539 549
f 504 540 552
f 505 541 547
f 502 542 548
f 500 545 537
f 502 548 538
f 506 551 539
f 504 554 540
f 505 532 541
f 502 527 542
f 524 561 560
f 524 562 561
f 509 545 563
f 523 564 559
f 523 565 564
f 514 550 566
f 522 567 558
f 522 568 567
f 518 536 569
f 521 570 557
f 521 571 570
f 515 533 572
f 520 573 556
f 520 574 573
f 512 530 575
f 519 576 555
f 519 577 576
f 509 527 578
f 512 579 530
f 512 580 579
f 524 560 581
f 511 582 529
f 511 583 582
f 523 559 584
f 516 585 534
f 516 586 585
f 522 558 587
f 513 588 531
f 513 589 588
f 521 557 590
f 510 591 528
f 510 592 591
f 520 556 593
f 508 594 544
f 508 595 594
f 519 555 596
f 596 543 507
f 596 555 543
f 555 501 543
f 594 596 507
f 594 595 596
f 595 519 596
f 544 525 499
f 544 594 525
f 594 507 525
f 593 547 511
f 593 556 547
f 556 505 547
f 591 593 511
f 591 592 593
f 592 520 593
f 528 529 501
f 528 591 529
f 591 511 529
f 590 550 514
f 590 557 550
f 557 503 550
f 588 590 514
f 588 589 590
f 589 521 590
f 531 532 505
f 531 588 532
f 588 514 532
f 587 553 517
f 587 558 553
f 558 499 553
f 585 587 517
f 585 586 587
f 586 522 587
f 534 535 503
f 534 585 535
f 585 517 535
f 584 525 507
f 584 559 525
f 559 499 525
f 582 584 507
f 582 583 584
f 583 523 584
f 529 543 501
f 529 582 543
f 582 507 543
f 581 533 515
f 581 560 533
f 560 504 533
f 579 581 515
f 579 580 581
f 580 524 581
f 530 551 506
f 530 579 551
f 579 515 551
f 578 546 510
f 578 527 546
f 527 502 546
f 576 578 510
f 576 577 578
f 577 509 578
f 555 528 501
f 555 576 528
f 576 510 528
f 575 549 513
f 575 530 549
f 530 506 549
f 573 575 513
f 573 574 575
f 574 512 575
f 556 531 505
f 556 573 531
f 573 513 531
f 572 552 516
f 572 533 552
f 533 504 552
f 570 572 516
f 570 571 572
f 571 515 572
f 557 534 503
f 557 570 534
f 570 516 534
f 569 526 508
f 569 536 526
f 536 500 526
f 567 569 508
f 567 568 569
f 568 518 569
f 558 544 499
f 558 567 544
f 567 508 544
f 566 535 517
f 566 550 535
f 550 503 535
f 564 566 517
f 564 565 566
f 565 514 566
f 559 553 499
f 559 564 553
f 564 517 553
f 563 536 518
f 563 545 536
f 545 500 536
f 561 563 518
f 561 562 563
f 562 509 563
f 560 554 504
f 560 561 554
f 561 518 554
f 542 562 524
f 542 527 562
f 527 509 562
f 541 565 523
f 541 532 565
f 532 514 565
f 540 568 522
f 540 554 568
f 554 518 568
f 539 571 521
f 539 551 571
f 551 515 571
f 538 574 520
f 538 548 574
f 548 512 574
f 537 577 519
f 537 545 577
f 545 509 577
f 548 580 512
f 548 542 580
f 542 524 580
f 547 583 511
f 547 541 583
f 541 523 583
f 552 586 516
f 552 540 586
f 540 522 586
f 549 589 513
f 549 539 589
f 539 521 589
f 546 592 510
f 546 538 592
f 538 520 592
f 526 595 508
f 526 537 595
f 537 519 595
o Cube.007
v 5.409986 1.580550 4.313398
v 5.409986 1.508707 4.224190
v 5.409986 6.294548 0.517050
v 5.409986 6.222705 0.427842
v -3.554210 1.580550 4.313398
v -3.554210 1.508707 4.224190
v -3.554210 6.294548 0.517050
v -3.554210 6.222705 0.427842
v 5.409986 3.937549 2.415224
v 5.409986 1.544628 4.268794
v 5.409986 3.865706 2.326016
v 5.409986 6.258626 0.472446
v 0.927888 6.294548 0.517050
v 0.927888 6.222705 0.427842
v -3.554210 6.258626 0.472446
v -3.554210 3.937549 2.415224
v -3.554210 3.865706 2.326016
v -3.554210 1.544628 4.268794
v 0.927888 1.580550 4.313398
v 0.927888 1.508707 4.224190
v 5.409986 3.901627 2.370620
v 0.927888 6.258626 0.472446
v -3.554210 3.901627 2.370620
v 0.927888 1.544628 4.268794
v 0.927888 3.937549 2.415224
v 0.927888 3.865706 2.326016
v 5.409986 2.759049 3.364311
v 5.409986 1.526668 4.246492
v 5.409986 5.044206 1.376929
v 5.409986 6.276587 0.494748
v 3.168937 6.294548 0.517050
v -1.313161 6.222705 0.427842
v -3.554210 6.276587 0.494748
v -3.554210 5.116048 1.466137
v -3.554210 2.687207 3.275103
v -3.554210 1.562589 4.291096
v -1.313161 1.580550 4.313398
v 3.168937 1.508707 4.224190
v 5.409986 2.705167 3.297405
v 3.168937 6.240665 0.450144
v -3.554210 5.062166 1.399231
v -1.313161 1.526668 4.246492
v -1.313161 5.116048 1.466137
v 3.168937 5.044206 1.376929
v 5.409986 5.116048 1.466137
v 5.409986 1.562589 4.291096
v 5.409986 2.687207 3.275103
v 5.409986 6.240665 0.450144
v -1.313161 6.294548 0.517050
v 3.168937 6.222705 0.427842
v -3.554210 6.240665 0.450144
v -3.554210 2.759049 3.364311
v -3.554210 5.044206 1.376929
v -3.554210 1.526668 4.246492
v 3.168937 1.580550 4.313398
v -1.313161 1.508707 4.224190
v 5.409986 5.098087 1.443835
v -1.313161 6.276587 0.494748
v -3.554210 2.741088 3.342009
v 3.168937 1.562589 4.291096
v 3.168937 2.759049 3.364311
v -1.313161 2.687207 3.275103
v 0.927888 2.687207 3.275103
v 3.168937 3.865706 2.326016
v 3.168937 2.687207 3.275103
v 0.927888 2.759049 3.364311
v -1.313161 3.937549 2.415224
v -1.313161 2.759049 3.364311
v 3.168937 1.544628 4.268794
v 0.927888 1.526668 4.246492
v 3.168937 1.526668 4.246492
v -3.554210 2.723128 3.319707
v -3.554210 3.883667 2.348318
v -3.554210 2.705167 3.297405
v -1.313161 6.258626 0.472446
v 0.927888 6.240665 0.450144
v -1.313161 6.240665 0.450144
v 5.409986 5.080127 1.421533
v 5.409986 3.883667 2.348318
v 5.409986 5.062166 1.399231
v -1.313161 5.044206 1.376929
v 0.927888 5.044206 1.376929
v -1.313161 3.865706 2.326016
v 3.168937 5.116048 1.466137
v 0.927888 5.116048 1.466137
v 3.168937 3.937549 2.415224
v -1.313161 1.562589 4.291096
v -1.313161 1.544628 4.268794
v 0.927888 1.562589 4.291096
v -3.554210 5.098087 1.443835
v -3.554210 5.080127 1.421533
v -3.554210 3.919588 2.392922
v 3.168937 6.276587 0.494748
v 3.168937 6.258626 0.472446
v 0.927888 6.276587 0.494748
v 5.409986 2.741088 3.342009
v 5.409986 2.723128 3.319707
v 5.409986 3.919588 2.392922
s 0
f 598 635 624
f 600 636 644
f 604 637 647
f 602 638 650
f 603 639 645
f 600 640 646
f 598 643 635
f 600 646 636
f 604 649 637
f 602 652 638
f 603 630 639
f 600 625 640
f 622 659 658
f 622 660 659
f 607 643 661
f 621 662 657
f 621 663 662
f 612 648 664
f 620 665 656
f 620 666 665
f 616 634 667
f 619 668 655
f 619 669 668
f 613 631 670
f 618 671 654
f 618 672 671
f 610 628 673
f 617 674 653
f 617 675 674
f 607 625 676
f 610 677 628
f 610 678 677
f 622 658 679
f 609 680 627
f 609 681 680
f 621 657 682
f 614 683 632
f 614 684 683
f 620 656 685
f 611 686 629
f 611 687 686
f 619 655 688
f 608 689 626
f 608 690 689
f 618 654 691
f 606 692 642
f 606 693 692
f 617 653 694
f 694 641 605
f 694 653 641
f 653 599 641
f 692 694 605
f 692 693 694
f 693 617 694
f 642 623 597
f 642 692 623
f 692 605 623
f 691 645 609
f 691 654 645
f 654 603 645
f 689 691 609
f 689 690 691
f 690 618 691
f 626 627 599
f 626 689 627
f 689 609 627
f 688 648 612
f 688 655 648
f 655 601 648
f 686 688 612
f 686 687 688
f 687 619 688
f 629 630 603
f 629 686 630
f 686 612 630
f 685 651 615
f 685 656 651
f 656 597 651
f 683 685 615
f 683 684 685
f 684 620 685
f 632 633 601
f 632 683 633
f 683 615 633
f 682 623 605
f 682 657 623
f 657 597 623
f 680 682 605
f 680 681 682
f 681 621 682
f 627 641 599
f 627 680 641
f 680 605 641
f 679 631 613
f 679 658 631
f 658 602 631
f 677 679 613
f 677 678 679
f 678 622 679
f 628 649 604
f 628 677 649
f 677 613 649
f 676 644 608
f 676 625 644
f 625 600 644
f 674 676 608
f 674 675 676
f 675 607 676
f 653 626 599
f 653 674 626
f 674 608 626
f 673 647 611
f 673 628 647
f 628 604 647
f 671 673 611
f 671 672 673
f 672 610 673
f 654 629 603
f 654 671 629
f 671 611 629
f 670 650 614
f 670 631 650
f 631 602 650
f 668 670 614
f 668 669 670
f 669 613 670
f 655 632 601
f 655 668 632
f 668 614 632
f 667 624 606
f 667 634 624
f 634 598 624
f 665 667 606
f 665 666 667
f 666 616 667
f 656 642 597
f 656 665 642
f 665 606 642
f 664 633 615
f 664 648 633
f 648 601 633
f 662 664 615
f 662 663 664
f 663 612 664
f 657 651 597
f 657 662 651
f 662 615 651
f 661 634 616
f 661 643 634
f 643 598 634
f 659 661 616
f 659 660 661
f 660 607 661
f 658 652 602
f 658 659 652
f 659 616 652
f 640 660 622
f 640 625 660
f 625 607 660
f 639 663 621
f 639 630 663
f 630 612 663
f 638 666 620
f 638 652 666
f 652 616 666
f 637 669 619
f 637 649 669
f 649 613 669
f 636 672 618
f 636 646 672
f 646 610 672
f 635 675 617
f 635 643 675
f 643 607 675
f 646 678 610
f 646 640 678
f 640 622 678
f 645 681 609
f 645 639 681
f 639 621 681
f 650 684 614
f 650 638 684
f 638 620 684
f 647 687 611
f 647 637 687
f 637 619 687
f 644 690 608
f 644 636 690
f 636 618 690
f 624 693 606
f 624 635 693
f 635 617 693
o Cube.008
v 3.886929 2.968875 1.001501
v 3.886929 5.493639 1.001501
v 3.886929 2.980959 2.979619
v 3.886929 3.075213 2.979619
v 3.497495 2.968875 1.001501
v 3.497495 5.493639 1.001501
v 3.497495 2.980959 2.979619
v 3.497495 3.075213 2.979619
v 3.886929 2.974917 1.990560
v 3.886929 4.231257 1.001501
v 3.886929 4.284426 1.990560
v 3.886929 3.028086 2.979619
v 3.692212 2.980959 2.979619
v 3.692212 3.075213 2.979619
v 3.497495 3.028086 2.979619
v 3.497495 2.974917 1.990560
v 3.497495 4.284426 1.990560
v 3.497495 4.231257 1.001501
v 3.692212 2.968875 1.001501
v 3.692212 5.493639 1.001501
v 3.886929 3.022044 1.990560
v 3.692212 3.028086 2.979619
v 3.497495 3.022044 1.990560
v 3.692212 4.231257 1.001501
v 3.692212 2.974917 1.990560
v 3.692212 4.284426 1.990560
v 3.886929 2.971896 1.496031
v 3.886929 4.862448 1.001501
v 3.886929 3.679820 2.485090
v 3.886929 3.004523 2.979619
v 3.789570 2.980959 2.979619
v 3.594854 3.075213 2.979619
v 3.497495 3.004523 2.979619
v 3.497495 2.977938 2.485090
v 3.497495 4.889032 1.496031
v 3.497495 3.600066 1.001501
v 3.594854 2.968875 1.001501
v 3.789570 5.493639 1.001501
v 3.886929 2.995459 1.496031
v 3.789570 3.051650 2.979619
v 3.497495 3.048628 2.485090
v 3.594854 4.862448 1.001501
v 3.594854 2.977938 2.485090
v 3.789570 3.679820 2.485090
v 3.886929 2.977938 2.485090
v 3.886929 3.600066 1.001501
v 3.886929 4.889032 1.496031
v 3.886929 3.051650 2.979619
v 3.594854 2.980959 2.979619
v 3.789570 3.075213 2.979619
v 3.497495 3.051650 2.979619
v 3.497495 2.971896 1.496031
v 3.497495 3.679820 2.485090
v 3.497495 4.862448 1.001501
v 3.789570 2.968875 1.001501
v 3.594854 5.493639 1.001501
v 3.886929 3.048628 2.485090
v 3.594854 3.004523 2.979619
v 3.497495 2.995459 1.496031
v 3.789570 3.600066 1.001501
v 3.789570 2.971896 1.496031
v 3.594854 4.889032 1.496031
v 3.692212 4.889032 1.496031
v 3.789570 4.284426 1.990560
v 3.789570 4.889032 1.496031
v 3.692212 2.971896 1.496031
v 3.594854 2.974917 1.990560
v 3.594854 2.971896 1.496031
v 3.789570 4.231257 1.001501
v 3.692212 4.862448 1.001501
v 3.789570 4.862448 1.001501
v 3.497495 3.626650 1.496031
v 3.497495 3.653235 1.990560
v 3.497495 4.257842 1.496031
v 3.594854 3.028086 2.979619
v 3.692212 3.051650 2.979619
v 3.594854 3.051650 2.979619
v 3.886929 3.653235 1.990560
v 3.886929 3.626650 1.496031
v 3.886929 4.257842 1.496031
v 3.594854 3.679820 2.485090
v 3.692212 3.679820 2.485090
v 3.594854 4.284426 1.990560
v 3.789570 2.977938 2.485090
v 3.692212 2.977938 2.485090
v 3.789570 2.974917 1.990560
v 3.594854 3.600066 1.001501
v 3.594854 4.231257 1.001501
v 3.692212 3.600066 1.001501
v 3.497495 3.001502 2.485090
v 3.497495 3.025065 2.485090
v 3.497495 2.998480 1.990560
v 3.789570 3.004523 2.979619
v 3.789570 3.028086 2.979619
v 3.692212 3.004523 2.979619
v 3.886929 3.001502 2.485090
v 3.886929 2.998480 1.990560
v 3.886929 3.025065 2.485090
s 0
f 695 733 721
f 698 734 742
f 702 735 745
f 700 736 748
f 701 737 743
f 698 738 744
f 695 740 733
f 698 744 734
f 702 747 735
f 700 750 736
f 701 728 737
f 698 723 738
f 720 757 756
f 720 758 757
f 705 741 759
f 719 760 755
f 719 761 760
f 710 746 762
f 718 763 754
f 718 764 763
f 714 732 765
f 717 766 753
f 717 767 766
f 711 729 768
f 716 769 752
f 716 770 769
f 708 726 771
f 715 772 751
f 715 773 772
f 704 722 774
f 708 775 726
f 708 776 775
f 720 756 777
f 707 778 725
f 707 779 778
f 719 755 780
f 712 781 730
f 712 782 781
f 718 754 783
f 709 784 727
f 709 785 784
f 717 753 786
f 706 787 724
f 706 788 787
f 716 752 789
f 703 790 739
f 703 791 790
f 715 751 792
f 792 742 706
f 792 751 742
f 751 698 742
f 790 792 706
f 790 791 792
f 791 715 792
f 739 724 697
f 739 790 724
f 790 706 724
f 789 743 707
f 789 752 743
f 752 701 743
f 787 789 707
f 787 788 789
f 788 716 789
f 724 725 697
f 724 787 725
f 787 707 725
f 786 746 710
f 786 753 746
f 753 699 746
f 784 786 710
f 784 785 786
f 785 717 786
f 727 728 701
f 727 784 728
f 784 710 728
f 783 749 713
f 783 754 749
f 754 695 749
f 781 783 713
f 781 782 783
f 782 718 783
f 730 731 699
f 730 781 731
f 781 713 731
f 780 721 703
f 780 755 721
f 755 695 721
f 778 780 703
f 778 779 780
f 779 719 780
f 725 739 697
f 725 778 739
f 778 703 739
f 777 729 711
f 777 756 729
f 756 700 729
f 775 777 711
f 775 776 777
f 776 720 777
f 726 747 702
f 726 775 747
f 775 711 747
f 774 741 705
f 774 722 741
f 722 696 741
f 772 774 705
f 772 773 774
f 773 704 774
f 751 723 698
f 751 772 723
f 772 705 723
f 771 745 709
f 771 726 745
f 726 702 745
f 769 771 709
f 769 770 771
f 770 708 771
f 752 727 701
f 752 769 727
f 769 709 727
f 768 748 712
f 768 729 748
f 729 700 748
f 766 768 712
f 766 767 768
f 767 711 768
f 753 730 699
f 753 766 730
f 766 712 730
f 765 722 704
f 765 732 722
f 732 696 722
f 763 765 704
f 763 764 765
f 764 714 765
f 754 740 695
f 754 763 740
f 763 704 740
f 762 731 713
f 762 746 731
f 746 699 731
f 760 762 713
f 760 761 762
f 761 710 762
f 755 749 695
f 755 760 749
f 760 713 749
f 759 732 714
f 759 741 732
f 741 696 732
f 757 759 714
f 757 758 759
f 758 705 759
f 756 750 700
f 756 757 750
f 757 714 750
f 738 758 720
f 738 723 758
f 723 705 758
f 737 761 719
f 737 728 761
f 728 710 761
f 736 764 718
f 736 750 764
f 750 714 764
f 735 767 717
f 735 747 767
f 747 711 767
f 734 770 716
f 734 744 770
f 744 708 770
f 733 773 715
f 733 740 773
f 740 704 773
f 744 776 708
f 744 738 776
f 738 720 776
f 743 779 707
f 743 737 779
f 737 719 779
f 748 782 712
f 748 736 782
f 736 718 782
f 745 785 709
f 745 735 785
f 735 717 785
f 742 788 706
f 742 734 788
f 734 716 788
f 721 791 703
f 721 733 791
f 733 715 791
o Cube.009
v 3.822707 2.985004 -2.891642
v 3.822707 3.087682 -2.891642
v 3.822707 2.985004 0.982993
v 3.822707 5.312773 0.982993
v 3.408000 2.985004 -2.891642
v 3.408000 3.087682 -2.891642
v 3.408000 2.985004 0.982993
v 3.408000 5.312773 0.982993
v 3.822707 2.985004 -0.954324
v 3.822707 3.036343 -2.891642
v 3.822707 4.200228 -0.954324
v 3.822707 4.148889 0.982993
v 3.615353 2.985004 0.982993
v 3.615353 5.312773 0.982993
v 3.408000 4.148889 0.982993
v 3.408000 2.985004 -0.954324
v 3.408000 4.200228 -0.954324
v 3.408000 3.036343 -2.891642
v 3.615353 2.985004 -2.891642
v 3.615353 3.087682 -2.891642
v 3.822707 3.036343 -0.954324
v 3.615353 4.148889 0.982993
v 3.408000 3.036343 -0.954324
v 3.615353 3.036343 -2.891642
v 3.615353 2.985004 -0.954324
v 3.615353 4.200228 -0.954324
v 3.822707 2.985004 -1.922983
v 3.822707 3.062013 -2.891642
v 3.822707 4.756500 0.014334
v 3.822707 3.566946 0.982993
v 3.719030 2.985004 0.982993
v 3.511677 5.312773 0.982993
v 3.408000 3.566946 0.982993
v 3.408000 2.985004 0.014334
v 3.408000 3.643955 -1.922983
v 3.408000 3.010674 -2.891642
v 3.511677 2.985004 -2.891642
v 3.719030 3.087682 -2.891642
v 3.822707 3.062013 -1.922983
v 3.719030 4.730831 0.982993
v 3.408000 3.010674 0.014334
v 3.511677 3.062013 -2.891642
v 3.511677 2.985004 0.014334
v 3.719030 4.756500 0.014334
v 3.822707 2.985004 0.014334
v 3.822707 3.010674 -2.891642
v 3.822707 3.643955 -1.922983
v 3.822707 4.730831 0.982993
v 3.511677 2.985004 0.982993
v 3.719030 5.312773 0.982993
v 3.408000 4.730831 0.982993
v 3.408000 2.985004 -1.922983
v 3.408000 4.756500 0.014334
v 3.408000 3.062013 -2.891642
v 3.719030 2.985004 -2.891642
v 3.511677 3.087682 -2.891642
v 3.822707 3.010674 0.014334
v 3.511677 3.566946 0.982993
v 3.408000 3.062013 -1.922983
v 3.719030 3.010674 -2.891642
v 3.719030 2.985004 -1.922983
v 3.511677 3.643955 -1.922983
v 3.615353 3.643955 -1.922983
v 3.719030 4.200228 -0.954324
v 3.719030 3.643955 -1.922983
v 3.615353 2.985004 -1.922983
v 3.511677 2.985004 -0.954324
v 3.511677 2.985004 -1.922983
v 3.719030 3.036343 -2.891642
v 3.615353 3.062013 -2.891642
v 3.719030 3.062013 -2.891642
v 3.408000 3.618285 -0.954324
v 3.408000 3.592616 0.014334
v 3.408000 4.174558 0.014334
v 3.511677 4.148889 0.982993
v 3.615353 4.730831 0.982993
v 3.511677 4.730831 0.982993
v 3.822707 3.592616 0.014334
v 3.822707 3.618285 -0.954324
v 3.822707 4.174558 0.014334
v 3.511677 4.756500 0.014334
v 3.615353 4.756500 0.014334
v 3.511677 4.200228 -0.954324
v 3.719030 2.985004 0.014334
v 3.615353 2.985004 0.014334
v 3.719030 2.985004 -0.954324
v 3.511677 3.010674 -2.891642
v 3.511677 3.036343 -2.891642
v 3.615353 3.010674 -2.891642
v 3.408000 3.010674 -1.922983
v 3.408000 3.010674 -0.954324
v 3.408000 3.036343 -1.922983
v 3.719030 3.566946 0.982993
v 3.719030 4.148889 0.982993
v 3.615353 3.566946 0.982993
v 3.822707 3.010674 -1.922983
v 3.822707 3.036343 -1.922983
v 3.822707 3.010674 -0.954324
s 0
f 794 831 820
f 796 832 840
f 799 833 826
f 798 834 846
f 799 835 841
f 796 836 842
f 794 839 831
f 796 842 832
f 799 825 833
f 798 848 834
f 799 826 835
f 796 821 836
f 818 855 854
f 818 856 855
f 803 839 857
f 817 858 853
f 817 859 858
f 808 844 860
f 816 861 852
f 816 862 861
f 812 830 863
f 815 864 851
f 815 865 864
f 807 843 866
f 814 867 850
f 814 868 867
f 806 824 869
f 813 870 849
f 813 871 870
f 803 821 872
f 806 873 824
f 806 874 873
f 818 854 875
f 805 876 823
f 805 877 876
f 817 853 878
f 810 879 828
f 810 880 879
f 816 852 881
f 808 882 844
f 808 883 882
f 815 851 884
f 804 885 822
f 804 886 885
f 814 850 887
f 802 888 838
f 802 889 888
f 813 849 890
f 890 837 801
f 890 849 837
f 849 795 837
f 888 890 801
f 888 889 890
f 889 813 890
f 838 819 793
f 838 888 819
f 888 801 819
f 887 841 805
f 887 850 841
f 850 799 841
f 885 887 805
f 885 886 887
f 886 814 887
f 822 823 795
f 822 885 823
f 885 805 823
f 884 846 810
f 884 851 846
f 851 798 846
f 882 884 810
f 882 883 884
f 883 815 884
f 844 828 797
f 844 882 828
f 882 810 828
f 881 847 811
f 881 852 847
f 852 793 847
f 879 881 811
f 879 880 881
f 880 816 881
f 828 829 797
f 828 879 829
f 879 811 829
f 878 819 801
f 878 853 819
f 853 793 819
f 876 878 801
f 876 877 878
f 877 817 878
f 823 837 795
f 823 876 837
f 876 801 837
f 875 827 809
f 875 854 827
f 854 798 827
f 873 875 809
f 873 874 875
f 874 818 875
f 824 845 800
f 824 873 845
f 873 809 845
f 872 840 804
f 872 821 840
f 821 796 840
f 870 872 804
f 870 871 872
f 871 803 872
f 849 822 795
f 849 870 822
f 870 804 822
f 869 843 807
f 869 824 843
f 824 800 843
f 867 869 807
f 867 868 869
f 868 806 869
f 850 825 799
f 850 867 825
f 867 807 825
f 866 845 809
f 866 843 845
f 843 800 845
f 864 866 809
f 864 865 866
f 865 807 866
f 851 827 798
f 851 864 827
f 864 809 827
f 863 820 802
f 863 830 820
f 830 794 820
f 861 863 802
f 861 862 863
f 862 812 863
f 852 838 793
f 852 861 838
f 861 802 838
f 860 829 811
f 860 844 829
f 844 797 829
f 858 860 811
f 858 859 860
f 859 808 860
f 853 847 793
f 853 858 847
f 858 811 847
f 857 830 812
f 857 839 830
f 839 794 830
f 855 857 812
f 855 856 857
f 856 803 857
f 854 848 798
f 854 855 848
f 855 812 848
f 836 856 818
f 836 821 856
f 821 803 856
f 835 859 817
f 835 826 859
f 826 808 859
f 834 862 816
f 834 848 862
f 848 812 862
f 833 865 815
f 833 825 865
f 825 807 865
f 832 868 814
f 832 842 868
f 842 806 868
f 831 871 813
f 831 839 871
f 839 803 871
f 842 874 806
f 842 836 874
f 836 818 874
f 841 877 805
f 841 835 877
f 835 817 877
f 846 880 810
f 846 834 880
f 834 816 880
f 826 883 808
f 826 833 883
f 833 815 883
f 840 886 804
f 840 832 886
f 832 814 886
f 820 889 802
f 820 831 889
f 831 813 889
o Cube.010
v -1.372541 2.985004 -2.891642
v -1.372541 3.087682 -2.891642
v -1.372541 2.985004 0.982993
v -1.372541 5.312773 0.982993
v -1.787248 2.985004 -2.891642
v -1.787248 3.087682 -2.891642
v -1.787248 2.985004 0.982993
v -1.787248 5.312773 0.982993
v -1.372541 2.985004 -0.954324
v -1.372541 3.036343 -2.891642
v -1.372541 4.200228 -0.954324
v -1.372541 4.148889 0.982993
v -1.579895 2.985004 0.982993
v -1.579895 5.312773 0.982993
v -1.787248 4.148889 0.982993
v -1.787248 2.985004 -0.954324
v -1.787248 4.200228 -0.954324
v -1.787248 3.036343 -2.891642
v -1.579895 2.985004 -2.891642
v -1.579895 3.087682 -2.891642
v -1.372541 3.036343 -0.954324
v -1.579895 4.148889 0.982993
v -1.787248 3.036343 -0.954324
v -1.579895 3.036343 -2.891642
v -1.579895 2.985004 -0.954324
v -1.579895 4.200228 -0.954324
v -1.372541 2.985004 -1.922983
v -1.372541 3.062013 -2.891642
v -1.372541 4.756500 0.014334
v -1.372541 3.566946 0.982993
v -1.476218 2.985004 0.982993
v -1.683571 5.312773 0.982993
v -1.787248 3.566946 0.982993
v -1.787248 2.985004 0.014334
v -1.787248 3.643955 -1.922983
v -1.787248 3.010674 -2.891642
v -1.683571 2.985004 -2.891642
v -1.476218 3.087682 -2.891642
v -1.372541 3.062013 -1.922983
v -1.476218 4.730831 0.982993
v -1.787248 3.010674 0.014334
v -1.683571 3.062013 -2.891642
v -1.683571 2.985004 0.014334
v -1.476218 4.756500 0.014334
v -1.372541 2.985004 0.014334
v -1.372541 3.010674 -2.891642
v -1.372541 3.643955 -1.922983
v -1.372541 4.730831 0.982993
v -1.683571 2.985004 0.982993
v -1.476218 5.312773 0.982993
v -1.787248 4.730831 0.982993
v -1.787248 2.985004 -1.922983
v -1.787248 4.756500 0.014334
v -1.787248 3.062013 -2.891642
v -1.476218 2.985004 -2.891642
v -1.683571 3.087682 -2.891642
v -1.372541 3.010674 0.014334
v -1.683571 3.566946 0.982993
v -1.787248 3.062013 -1.922983
v -1.476218 3.010674 -2.891642
v -1.476218 2.985004 -1.922983
v -1.683571 3.643955 -1.922983
v -1.579895 3.643955 -1.922983
v -1.476218 4.200228 -0.954324
v -1.476218 3.643955 -1.922983
v -1.579895 2.985004 -1.922983
v -1.683571 2.985004 -0.954324
v -1.683571 2.985004 -1.922983
v -1.476218 3.036343 -2.891642
v -1.579895 3.062013 -2.891642
v -1.476218 3.062013 -2.891642
v -1.787248 3.618285 -0.954324
v -1.787248 3.592616 0.014334
v -1.787248 4.174558 0.014334
v -1.683571 4.148889 0.982993
v -1.579895 4.730831 0.982993
v -1.683571 4.730831 0.982993
v -1.372541 3.592616 0.014334
v -1.372541 3.618285 -0.954324
v -1.372541 4.174558 0.014334
v -1.683571 4.756500 0.014334
v -1.579895 4.756500 0.014334
v -1.683571 4.200228 -0.954324
v -1.476218 2.985004 0.014334
v -1.579895 2.985004 0.014334
v -1.476218 2.985004 -0.954324
v -1.683571 3.010674 -2.891642
v -1.683571 3.036343 -2.891642
v -1.579895 3.010674 -2.891642
v -1.787248 3.010674 -1.922983
v -1.787248 3.010674 -0.954324
v -1.787248 3.036343 -1.922983
v -1.476218 3.566946 0.982993
v -1.476218 4.148889 0.982993
v -1.579895 3.566946 0.982993
v -1.372541 3.010674 -1.922983
v -1.372541 3.036343 -1.922983
v -1.372541 3.010674 -0.954324
s 0
f 892 929 918
f 894 930 938
f 897 931 924
f 896 932 944
f 897 933 939
f 894 934 940
f 892 937 929
f 894 940 930
f 897 923 931
f 896 946 932
f 897 924 933
f 894 919 934
f 916 953 952
f 916 954 953
f 901 937 955
f 915 956 951
f 915 957 956
f 906 942 958
f 914 959 950
f 914 960 959
f 910 928 961
f 913 962 949
f 913 963 962
f 905 941 964
f 912 965 948
f 912 966 965
f 904 922 967
f 911 968 947
f 911 969 968
f 901 919 970
f 904 971 922
f 904 972 971
f 916 952 973
f 903 974 921
f 903 975 974
f 915 951 976
f 908 977 926
f 908 978 977
f 914 950 979
f 906 980 942
f 906 981 980
f 913 949 982
f 902 983 920
f 902 984 983
f 912 948 985
f 900 986 936
f 900 987 986
f 911 947 988
f 988 935 899
f 988 947 935
f 947 893 935
f 986 988 899
f 986 987 988
f 987 911 988
f 936 917 891
f 936 986 917
f 986 899 917
f 985 939 903
f 985 948 939
f 948 897 939
f 983 985 903
f 983 984 985
f 984 912 985
f 920 921 893
f 920 983 921
f 983 903 921
f 982 944 908
f 982 949 944
f 949 896 944
f 980 982 908
f 980 981 982
f 981 913 982
f 942 926 895
f 942 980 926
f 980 908 926
f 979 945 909
f 979 950 945
f 950 891 945
f 977 979 909
f 977 978 979
f 978 914 979
f 926 927 895
f 926 977 927
f 977 909 927
f 976 917 899
f 976 951 917
f 951 891 917
f 974 976 899
f 974 975 976
f 975 915 976
f 921 935 893
f 921 974 935
f 974 899 935
f 973 925 907
f 973 952 925
f 952 896 925
f 971 973 907
f 971 972 973
f 972 916 973
f 922 943 898
f 922 971 943
f 971 907 943
f 970 938 902
f 970 919 938
f 919 894 938
f 968 970 902
f 968 969 970
f 969 901 970
f 947 920 893
f 947 968 920
f 968 902 920
f 967 941 905
f 967 922 941
f 922 898 941
f 965 967 905
f 965 966 967
f 966 904 967
f 948 923 897
f 948 965 923
f 965 905 923
f 964 943 907
f 964 941 943
f 941 898 943
f 962 964 907
f 962 963 964
f 963 905 964
f 949 925 896
f 949 962 925
f 962 907 925
f 961 918 900
f 961 928 918
f 928 892 918
f 959 961 900
f 959 960 961
f 960 910 961
f 950 936 891
f 950 959 936
f 959 900 936
f 958 927 909
f 958 942 927
f 942 895 927
f 956 958 909
f 956 957 958
f 957 906 958
f 951 945 891
f 951 956 945
f 956 909 945
f 955 928 910
f 955 937 928
f 937 892 928
f 953 955 910
f 953 954 955
f 954 901 955
f 952 946 896
f 952 953 946
f 953 910 946
f 934 954 916
f 934 919 954
f 919 901 954
f 933 957 915
f 933 924 957
f 924 906 957
f 932 960 914
f 932 946 960
f 946 910 960
f 931 963 913
f 931 923 963
f 923 905 963
f 930 966 912
f 930 940 966
f 940 904 966
f 929 969 911
f 929 937 969
f 937 901 969
f 940 972 904
f 940 934 972
f 934 916 972
f 939 975 903
f 939 933 975
f 933 915 975
f 944 978 908
f 944 932 978
f 932 914 978
f 924 981 906
f 924 931 981
f 931 913 981
f 938 984 902
f 938 930 984
f 930 912 984
f 918 987 900
f 918 929 987
f 929 911 987
o Cube.011
v -1.305337 2.968875 1.001501
v -1.305337 5.493639 1.001501
v -1.305337 2.980959 2.979619
v -1.305337 3.075213 2.979619
v -1.694771 2.968875 1.001501
v -1.694771 5.493639 1.001501
v -1.694771 2.980959 2.979619
v -1.694771 3.075213 2.979619
v -1.305337 2.974917 1.990560
v -1.305337 4.231257 1.001501
v -1.305337 4.284426 1.990560
v -1.305337 3.028086 2.979619
v -1.500054 2.980959 2.979619
v -1.500054 3.075213 2.979619
v -1.694771 3.028086 2.979619
v -1.694771 2.974917 1.990560
v -1.694771 4.284426 1.990560
v -1.694771 4.231257 1.001501
v -1.500054 2.968875 1.001501
v -1.500054 5.493639 1.001501
v -1.305337 3.022044 1.990560
v -1.500054 3.028086 2.979619
v -1.694771 3.022044 1.990560
v -1.500054 4.231257 1.001501
v -1.500054 2.974917 1.990560
v -1.500054 4.284426 1.990560
v -1.305337 2.971896 1.496031
v -1.305337 4.862448 1.001501
v -1.305337 3.679820 2.485090
v -1.305337 3.004523 2.979619
v -1.402696 2.980959 2.979619
v -1.597413 3.075213 2.979619
v -1.694771 3.004523 2.979619
v -1.694771 2.977938 2.485090
v -1.694771 4.889032 1.496031
v -1.694771 3.600066 1.001501
v -1.597413 2.968875 1.001501
v -1.402696 5.493639 1.001501
v -1.305337 2.995459 1.496031
v -1.402696 3.051650 2.979619
v -1.694771 3.048628 2.485090
v -1.597413 4.862448 1.001501
v -1.597413 2.977938 2.485090
v -1.402696 3.679820 2.485090
v -1.305337 2.977938 2.485090
v -1.305337 3.600066 1.001501
v -1.305337 4.889032 1.496031
v -1.305337 3.051650 2.979619
v -1.597413 2.980959 2.979619
v -1.402696 3.075213 2.979619
v -1.694771 3.051650 2.979619
v -1.694771 2.971896 1.496031
v -1.694771 3.679820 2.485090
v -1.694771 4.862448 1.001501
v -1.402696 2.968875 1.001501
v -1.597413 5.493639 1.001501
v -1.305337 3.048628 2.485090
v -1.597413 3.004523 2.979619
v -1.694771 2.995459 1.496031
v -1.402696 3.600066 1.001501
v -1.402696 2.971896 1.496031
v -1.597413 4.889032 1.496031
v -1.500054 4.889032 1.496031
v -1.402696 4.284426 1.990560
v -1.402696 4.889032 1.496031
v -1.500054 2.971896 1.496031
v -1.597413 2.974917 1.990560
v -1.597413 2.971896 1.496031
v -1.402696 4.231257 1.001501
v -1.500054 4.862448 1.001501
v -1.402696 4.862448 1.001501
v -1.694771 3.626650 1.496031
v -1.694771 3.653235 1.990560
v -1.694771 4.257842 1.496031
v -1.597413 3.028086 2.979619
v -1.500054 3.051650 2.979619
v -1.597413 3.051650 2.979619
v -1.305337 3.653235 1.990560
v -1.305337 3.626650 1.496031
v -1.305337 4.257842 1.496031
v -1.597413 3.679820 2.485090
v -1.500054 3.679820 2.485090
v -1.597413 4.284426 1.990560
v -1.402696 2.977938 2.485090
v -1.500054 2.977938 2.485090
v -1.402696 2.974917 1.990560
v -1.597413 3.600066 1.001501
v -1.597413 4.231257 1.001501
v -1.500054 3.600066 1.001501
v -1.694771 3.001502 2.485090
v -1.694771 3.025065 2.485090
v -1.694771 2.998480 1.990560
v -1.402696 3.004523 2.979619
v -1.402696 3.028086 2.979619
v -1.500054 3.004523 2.979619
v -1.305337 3.001502 2.485090
v -1.305337 2.998480 1.990560
v -1.305337 3.025065 2.485090
s 0
f 989 1027 1015
f 992 1028 1036
f 996 1029 1039
f 994 1030 1042
f 995 1031 1037
f 992 1032 1038
f 989 1034 1027
f 992 1038 1028
f 996 1041 1029
f 994 1044 1030
f 995 1022 1031
f 992 1017 1032
f 1014 1051 1050
f 1014 1052 1051
f 999 1035 1053
f 1013 1054 1049
f 1013 1055 1054
f 1004 1040 1056
f 1012 1057 1048
f 1012 1058 1057
f 1008 1026 1059
f 1011 1060 1047
f 1011 1061 1060
f 1005 1023 1062
f 1010 1063 1046
f 1010 1064 1063
f 1002 1020 1065
f 1009 1066 1045
f 1009 1067 1066
f 998 1016 1068
f 1002 1069 1020
f 1002 1070 1069
f 1014 1050 1071
f 1001 1072 1019
f 1001 1073 1072
f 1013 1049 1074
f 1006 1075 1024
f 1006 1076 1075
f 1012 1048 1077
f 1003 1078 1021
f 1003 1079 1078
f 1011 1047 1080
f 1000 1081 1018
f 1000 1082 1081
f 1010 1046 1083
f 997 1084 1033
f 997 1085 1084
f 1009 1045 1086
f 1086 1036 1000
f 1086 1045 1036
f 1045 992 1036
f 1084 1086 1000
f 1084 1085 1086
f 1085 1009 1086
f 1033 1018 991
f 1033 1084 1018
f 1084 1000 1018
f 1083 1037 1001
f 1083 1046 1037
f 1046 995 1037
f 1081 1083 1001
f 1081 1082 1083
f 1082 1010 1083
f 1018 1019 991
f 1018 1081 1019
f 1081 1001 1019
f 1080 1040 1004
f 1080 1047 1040
f 1047 993 1040
f 1078 1080 1004
f 1078 1079 1080
f 1079 1011 1080
f 1021 1022 995
f 1021 1078 1022
f 1078 1004 1022
f 1077 1043 1007
f 1077 1048 1043
f 1048 989 1043
f 1075 1077 1007
f 1075 1076 1077
f 1076 1012 1077
f 1024 1025 993
f 1024 1075 1025
f 1075 1007 1025
f 1074 1015 997
f 1074 1049 1015
f 1049 989 1015
f 1072 1074 997
f 1072 1073 1074
f 1073 1013 1074
f 1019 1033 991
f 1019 1072 1033
f 1072 997 1033
f 1071 1023 1005
f 1071 1050 1023
f 1050 994 1023
f 1069 1071 1005
f 1069 1070 1071
f 1070 1014 1071
f 1020 1041 996
f 1020 1069 1041
f 1069 1005 1041
f 1068 1035 999
f 1068 1016 1035
f 1016 990 1035
f 1066 1068 999
f 1066 1067 1068
f 1067 998 1068
f 1045 1017 992
f 1045 1066 1017
f 1066 999 1017
f 1065 1039 1003
f 1065 1020 1039
f 1020 996 1039
f 1063 1065 1003
f 1063 1064 1065
f 1064 1002 1065
f 1046 1021 995
f 1046 1063 1021
f 1063 1003 1021
f 1062 1042 1006
f 1062 1023 1042
f 1023 994 1042
f 1060 1062 1006
f 1060 1061 1062
f 1061 1005 1062
f 1047 1024 993
f 1047 1060 1024
f 1060 1006 1024
f 1059 1016 998
f 1059 1026 1016
f 1026 990 1016
f 1057 1059 998
f 1057 1058 1059
f 1058 1008 1059
f 1048 1034 989
f 1048 1057 1034
f 1057 998 1034
f 1056 1025 1007
f 1056 1040 1025
f 1040 993 1025
f 1054 1056 1007
f 1054 1055 1056
f 1055 1004 1056
f 1049 1043 989
f 1049 1054 1043
f 1054 1007 1043
f 1053 1026 1008
f 1053 1035 1026
f 1035 990 1026
f 1051 1053 1008
f 1051 1052 1053
f 1052 999 1053
f 1050 1044 994
f 1050 1051 1044
f 1051 1008 1044
f 1032 1052 1014
f 1032 1017 1052
f 1017 999 1052
f 1031 1055 1013
f 1031 1022 1055
f 1022 1004 1055
f 1030 1058 1012
f 1030 1044 1058
f 1044 1008 1058
f 1029 1061 1011
f 1029 1041 1061
f 1041 1005 1061
f 1028 1064 1010
f 1028 1038 1064
f 1038 1002 1064
f 1027 1067 1009
f 1027 1034 1067
f 1034 998 1067
f 1038 1070 1002
f 1038 1032 1070
f 1032 1014 1070
f 1037 1073 1001
f 1037 1031 1073
f 1031 1013 1073
f 1042 1076 1006
f 1042 1030 1076
f 1030 1012 1076
f 1039 1079 1003
f 1039 1029 1079
f 1029 1011 1079
f 1036 1082 1000
f 1036 1028 1082
f 1028 1010 1082
f 1015 1085 997
f 1015 1027 1085
f 1027 1009 1085
o Cube.012
v 0.743628 3.286973 -2.550333
v 0.743628 4.694475 -2.572481
v 0.743628 3.531190 -2.155027
v 0.743628 4.701953 -2.177175
v -0.519698 3.286973 -2.550333
v -0.519698 4.694475 -2.572481
v -0.519698 3.531190 -2.155027
v -0.519698 4.701953 -2.177175
v 0.743628 3.409082 -2.352680
v 0.743628 3.990724 -2.561407
v 0.743628 4.698214 -2.374828
v 0.743628 4.116571 -2.166101
v 0.111965 3.531190 -2.155027
v 0.111965 4.701953 -2.177175
v -0.519698 4.116571 -2.166101
v -0.519698 3.409082 -2.352680
v -0.519698 4.698214 -2.374828
v -0.519698 3.990724 -2.561407
v 0.111965 3.286973 -2.550333
v 0.111965 4.694475 -2.572481
v 0.743628 4.112833 -2.363754
v 0.111965 4.116571 -2.166101
v -0.519698 4.112833 -2.363754
v 0.111965 3.990724 -2.561407
v 0.111965 3.409082 -2.352680
v 0.111965 4.698214 -2.374828
v 0.743628 3.348028 -2.451506
v 0.743628 4.342600 -2.566944
v 0.743628 4.700084 -2.276001
v 0.743628 3.823881 -2.160564
v 0.427796 3.531190 -2.155027
v -0.203866 4.701953 -2.177175
v -0.519698 3.823881 -2.160564
v -0.519698 3.470136 -2.253853
v -0.519698 4.696344 -2.473654
v -0.519698 3.638849 -2.555870
v -0.203866 3.286973 -2.550333
v 0.427796 4.694475 -2.572481
v 0.743628 4.403654 -2.468117
v 0.427796 4.409263 -2.171638
v -0.519698 3.822011 -2.259390
v -0.203866 4.342600 -2.566944
v -0.203866 3.470136 -2.253853
v 0.427796 4.700084 -2.276001
v 0.743628 3.470136 -2.253853
v 0.743628 3.638849 -2.555870
v 0.743628 4.696344 -2.473654
v 0.743628 4.409263 -2.171638
v -0.203866 3.531190 -2.155027
v 0.427796 4.701953 -2.177175
v -0.519698 4.409263 -2.171638
v -0.519698 3.348028 -2.451506
v -0.519698 4.700084 -2.276001
v -0.519698 4.342600 -2.566944
v 0.427796 3.286973 -2.550333
v -0.203866 4.694475 -2.572481
v 0.743628 3.822011 -2.259390
v -0.203866 3.823881 -2.160564
v -0.519698 4.403654 -2.468117
v 0.427796 3.638849 -2.555870
v 0.427796 3.348028 -2.451506
v -0.203866 4.696344 -2.473654
v 0.111965 4.696344 -2.473654
v 0.427796 4.698214 -2.374828
v 0.427796 4.696344 -2.473654
v 0.111965 3.348028 -2.451506
v -0.203866 3.409082 -2.352680
v -0.203866 3.348028 -2.451506
v 0.427796 3.990724 -2.561407
v 0.111965 4.342600 -2.566944
v 0.427796 4.342600 -2.566944
v -0.519698 4.405523 -2.369291
v -0.519698 4.114702 -2.264927
v -0.519698 4.407393 -2.270464
v -0.203866 4.116571 -2.166101
v 0.111965 4.409263 -2.171638
v -0.203866 4.409263 -2.171638
v 0.743628 4.114702 -2.264927
v 0.743628 4.405523 -2.369291
v 0.743628 4.407393 -2.270464
v -0.203866 4.700084 -2.276001
v 0.111965 4.700084 -2.276001
v -0.203866 4.698214 -2.374828
v 0.427796 3.470136 -2.253853
v 0.111965 3.470136 -2.253853
v 0.427796 3.409082 -2.352680
v -0.203866 3.638849 -2.555870
v -0.203866 3.990724 -2.561407
v 0.111965 3.638849 -2.555870
v -0.519698 3.699903 -2.457043
v -0.519698 3.760957 -2.358217
v -0.519698 4.051778 -2.462580
v 0.427796 3.823881 -2.160564
v 0.427796 4.116571 -2.166101
v 0.111965 3.823881 -2.160564
v 0.743628 3.699903 -2.457043
v 0.743628 4.051778 -2.462580
v 0.743628 3.760957 -2.358217
s 0
f 1088 1125 1114
f 1090 1126 1134
f 1093 1127 1120
f 1092 1128 1140
f 1093 1129 1135
f 1090 1130 1136
f 1088 1133 1125
f 1090 1136 1126
f 1093 1119 1127
f 1092 1142 1128
f 1093 1120 1129
f 1090 1115 1130
f 1112 1149 1148
f 1112 1150 1149
f 1097 1133 1151
f 1111 1152 1147
f 1111 1153 1152
f 1102 1138 1154
f 1110 1155 1146
f 1110 1156 1155
f 1106 1124 1157
f 1109 1158 1145
f 1109 1159 1158
f 1101 1137 1160
f 1108 1161 1144
f 1108 1162 1161
f 1100 1118 1163
f 1107 1164 1143
f 1107 1165 1164
f 1097 1115 1166
f 1100 1167 1118
f 1100 1168 1167
f 1112 1148 1169
f 1099 1170 1117
f 1099 1171 1170
f 1111 1147 1172
f 1104 1173 1122
f 1104 1174 1173
f 1110 1146 1175
f 1102 1176 1138
f 1102 1177 1176
f 1109 1145 1178
f 1098 1179 1116
f 1098 1180 1179
f 1108 1144 1181
f 1096 1182 1132
f 1096 1183 1182
f 1107 1143 1184
f 1184 1131 1095
f 1184 1143 1131
f 1143 1089 1131
f 1182 1184 1095
f 1182 1183 1184
f 1183 1107 1184
f 1132 1113 1087
f 1132 1182 1113
f 1182 1095 1113
f 1181 1135 1099
f 1181 1144 1135
f 1144 1093 1135
f 1179 1181 1099
f 1179 1180 1181
f 1180 1108 1181
f 1116 1117 1089
f 1116 1179 1117
f 1179 1099 1117
f 1178 1140 1104
f 1178 1145 1140
f 1145 1092 1140
f 1176 1178 1104
f 1176 1177 1178
f 1177 1109 1178
f 1138 1122 1091
f 1138 1176 1122
f 1176 1104 1122
f 1175 1141 1105
f 1175 1146 1141
f 1146 1087 1141
f 1173 1175 1105
f 1173 1174 1175
f 1174 1110 1175
f 1122 1123 1091
f 1122 1173 1123
f 1173 1105 1123
f 1172 1113 1095
f 1172 1147 1113
f 1147 1087 1113
f 1170 1172 1095
f 1170 1171 1172
f 1171 1111 1172
f 1117 1131 1089
f 1117 1170 1131
f 1170 1095 1131
f 1169 1121 1103
f 1169 1148 1121
f 1148 1092 1121
f 1167 1169 1103
f 1167 1168 1169
f 1168 1112 1169
f 1118 1139 1094
f 1118 1167 1139
f 1167 1103 1139
f 1166 1134 1098
f 1166 1115 1134
f 1115 1090 1134
f 1164 1166 1098
f 1164 1165 1166
f 1165 1097 1166
f 1143 1116 1089
f 1143 1164 1116
f 1164 1098 1116
f 1163 1137 1101
f 1163 1118 1137
f 1118 1094 1137
f 1161 1163 1101
f 1161 1162 1163
f 1162 1100 1163
f 1144 1119 1093
f 1144 1161 1119
f 1161 1101 1119
f 1160 1139 1103
f 1160 1137 1139
f 1137 1094 1139
f 1158 1160 1103
f 1158 1159 1160
f 1159 1101 1160
f 1145 1121 1092
f 1145 1158 1121
f 1158 1103 1121
f 1157 1114 1096
f 1157 1124 1114
f 1124 1088 1114
f 1155 1157 1096
f 1155 1156 1157
f 1156 1106 1157
f 1146 1132 1087
f 1146 1155 1132
f 1155 1096 1132
f 1154 1123 1105
f 1154 1138 1123
f 1138 1091 1123
f 1152 1154 1105
f 1152 1153 1154
f 1153 1102 1154
f 1147 1141 1087
f 1147 1152 1141
f 1152 1105 1141
f 1151 1124 1106
f 1151 1133 1124
f 1133 1088 1124
f 1149 1151 1106
f 1149 1150 1151
f 1150 1097 1151
f 1148 1142 1092
f 1148 1149 1142
f 1149 1106 1142
f 1130 1150 1112
f 1130 1115 1150
f 1115 1097 1150
f 1129 1153 1111
f 1129 1120 1153
f 1120 1102 1153
f 1128 1156 1110
f 1128 1142 1156
f 1142 1106 1156
f 1127 1159 1109
f 1127 1119 1159
f 1119 1101 1159
f 1126 1162 1108
f 1126 1136 1162
f 1136 1100 1162
f 1125 1165 1107
f 1125 1133 1165
f 1133 1097 1165
f 1136 1168 1100
f 1136 1130 1168
f 1130 1112 1168
f 1135 1171 1099
f 1135 1129 1171
f 1129 1111 1171
f 1140 1174 1104
f 1140 1128 1174
f 1128 1110 1174
f 1120 1177 1102
f 1120 1127 1177
f 1127 1109 1177
f 1134 1180 1098
f 1134 1126 1180
f 1126 1108 1180
f 1114 1183 1096
f 1114 1125 1183
f 1125 1107 1183
s