v -12.945675 0.002024 -19.419271
v -12.945675 15.001824 -19.419271
v -16.121109 0.002022 16.876268
v -16.121109 15.001822 16.876268
v -1.587717 0.002023 18.147770
v -18.438227 13.844949 18.020096
v -15.040138 13.844951 -20.820410
v 1.693459 29.199696 -19.356411
v -18.012472 13.378400 18.057344
v -14.614382 13.378402 -20.783161
v 1.693459 28.353233 -19.356411
v -13.363945 11.301770 -21.098202
v -13.363945 12.567193 -21.098202
v -12.103338 12.567193 -20.987915
v -12.103338 11.301770 -20.987915
v -16.831421 11.301768 18.535408
v -16.831421 12.567191 18.535408
v -15.570814 12.567191 18.645697
v -15.570814 11.301768 18.645697
v 12.945677 0.002022 19.419271
v 12.945677 15.001822 19.419271
v 16.121111 15.001824 -16.876268
v 16.121111 0.002023 -16.876268
v 1.587717 0.002024 -18.147770
v 1.587717 28.354404 -18.147768
v -1.587717 28.354404 18.147772
v 15.028971 13.844949 20.948084
v -1.704629 29.199684 19.484097
v 18.427055 13.844951 -17.892422
v -1.704629 28.353226 19.484097
v 14.603216 13.378400 20.910835
v 18.001299 13.378402 -17.929670
v 16.824568 11.301770 -18.457062
v 13.357092 11.301768 21.176550
v 13.357092 12.567191 21.176550
v 16.824568 12.567193 -18.457062
v 12.096485 12.567191 21.066261
v 15.563961 12.567193 -18.567350
v 12.096485 11.301768 21.066261
v 15.563961 11.301770 -18.567350
v 14.805161 11.301770 20.203562
v 14.805161 12.567193 20.203562
v 14.915449 12.567193 18.942955
v 14.915449 11.301770 18.942955
v -18.153685 11.301770 17.320045
v -18.153685 12.567193 17.320045
v -18.043396 12.567193 16.059439
v -18.043396 11.301770 16.059439
v -1.748603 27.924026 19.986719
v -18.907463 13.893508 18.485519
v -18.797176 13.893508 17.224913
v -17.946648 12.959506 17.299324
v -18.056934 12.959506 18.559931
v -1.748603 29.638477 19.986719
v -1.638315 29.638477 18.726112
v 15.520547 13.893508 20.227312
v 15.410259 13.893508 21.487919
v -1.638315 27.924026 18.726112
v 14.670018 12.959506 20.152901
v 14.559731 12.959506 21.413507
v -16.989382 0.016031 17.608242
v -16.845724 0.016032 15.966209
v -15.347351 0.016031 17.751900
v -15.203691 0.016032 16.109867
v -16.989372 14.327718 17.608242
v -16.845715 14.327718 15.966210
v -15.347351 15.845939 17.751900
v -15.203691 15.845939 16.109867
v -13.673653 0.016033 -20.290897
v -13.817311 0.016033 -18.648865
v -12.031621 0.016033 -20.147240
v -12.175280 0.016033 -18.505207
v -13.673643 14.327720 -20.290897
v -13.817302 14.327720 -18.648865
v -12.031621 15.845941 -20.147240
v -12.175280 15.845941 -18.505207
v 13.673654 0.016031 20.290897
v 13.817312 0.016031 18.648865
v 12.031622 0.016031 20.147240
v 12.175281 0.016031 18.505207
v 13.673644 14.327718 20.290897
v 13.817303 14.327718 18.648865
v 12.031622 15.845939 20.147240
v 12.175281 15.845939 18.505207
v 16.989384 0.016033 -17.608242
v 16.845724 0.016033 -15.966209
v 15.347352 0.016033 -17.751900
v 15.203693 0.016033 -16.109867
v 16.989374 14.327720 -17.608242
v 16.845715 14.327720 -15.966208
v 15.347352 15.845941 -17.751900
v 15.203693 15.845941 -16.109867
v 1.748603 27.924026 -19.986715
v -15.410259 13.893510 -21.487919
v -15.520547 13.893510 -20.227312
v -14.670018 12.959508 -20.152901
v -14.559731 12.959508 -21.413507
v 1.748603 29.638477 -19.986715
v 1.638315 29.638477 -18.726109
v 18.797176 13.893510 -17.224913
v 18.907463 13.893510 -18.485519
v 1.638315 27.924026 -18.726109
v 17.946648 12.959508 -17.299324
v 18.056934 12.959508 -18.559931
v 18.088531 11.301772 -17.325748
v 18.088531 12.567195 -17.325748
v 17.978243 12.567195 -16.065142
v 17.978243 11.301772 -16.065142
v -14.870314 11.301772 -20.209259
v -14.870314 12.567195 -20.209259
v -14.980602 12.567195 -18.948652
v -14.980602 11.301772 -18.948652
v 0.917867 28.906673 -21.297403
v 0.917867 30.172096 -21.297403
v 2.922232 30.172096 -21.122044
v 2.922232 28.906673 -21.122044
v -2.830297 28.906673 21.544502
v -2.830297 30.172096 21.544502
v -0.825931 30.172096 21.719860
v -0.825931 28.906673 21.719860
v -30.474810 0.002019 5.937114
v -26.004360 0.002019 6.328225
v -30.474810 8.339016 5.937114
v -26.004360 8.339016 6.328226
v -30.552771 0.002019 6.828229
v -26.082321 0.002019 7.219340
v -30.552771 8.339016 6.828229
v -26.082321 8.339016 7.219341
v -29.840174 0.002019 6.890574
v -26.794916 0.002019 7.156997
v -26.794916 7.627649 7.156997
v -29.840174 7.627649 6.890574
v -29.806957 0.002019 6.510893
v -26.761700 0.002019 6.777316
v -26.761700 7.627649 6.777317
v -29.806957 7.627649 6.510893
v 6.693330 20.999142 12.784733
v 2.353658 36.625896 13.173588
v 2.353658 37.511627 13.173588
v 1.352697 37.511627 11.980690
v 1.352697 34.236069 11.980690
v 1.657697 33.666672 12.344175
v 1.657695 20.999142 12.344175
v 2.046551 36.625896 16.683847
v 2.046551 37.511627 16.683847
v 0.853653 37.511627 17.684809
v 0.853653 34.236069 17.684809
v 1.217138 33.666672 17.379810
v 3.955233 36.625896 15.082272
v 5.863916 36.625896 13.480696
v 5.556811 36.625896 16.990953
v 5.863916 37.511627 13.480696
v 5.556811 37.511627 16.990952
v 7.056816 37.511627 12.479733
v 6.557774 37.511627 18.183851
v 7.056816 34.236069 12.479733
v 6.557774 34.236069 18.183851
v 6.693330 33.666672 12.784734
v 6.252772 33.666672 17.820368
v 6.252770 20.999142 17.820366
v 1.217138 20.999142 17.379808
v -4.151183 0.001695 -16.258194
v -4.151183 12.569606 -16.258194
v -34.562195 0.001696 -18.918802
v -34.562195 12.569606 -18.918802
v -35.520569 11.600293 -20.860250
v -2.977208 11.600293 -18.013084
v -4.203849 24.465599 -3.992476
v -36.747215 24.465591 -6.839639
v -35.551781 11.209388 -20.503523
v -3.008420 11.209388 -17.656355
v -36.008160 11.739890 -21.369671
v -34.951931 11.739890 -21.277262
v -35.032986 10.722545 -20.350838
v -36.089214 10.722545 -20.443247
v -37.275330 25.030231 -6.885842
v -36.219101 25.030231 -6.793435
v -35.175491 0.013433 -19.646309
v -33.799679 0.013433 -19.525942
v -35.295860 0.013433 -18.270496
v -33.920048 0.013433 -18.150129
v -35.175491 12.004792 -19.646301
v -33.799679 12.004792 -19.525934
v -35.295860 13.276866 -18.270496
v -33.920048 13.276866 -18.150129
v -36.692905 0.001694 5.435437
v -36.692905 12.569605 5.435438
v -6.281893 12.569605 8.096046
v -6.281893 0.001694 8.096045
v -37.973850 11.600292 7.180971
v -5.430488 11.600292 10.028134
v -4.203849 23.756374 -3.992476
v -36.747215 23.756367 -6.839639
v -37.942638 11.209387 6.824242
v -5.399278 11.209387 9.671405
v -35.627548 23.757355 -6.741681
v -35.627548 0.001696 -6.741682
v -38.542492 11.739889 7.597981
v -37.486263 11.739889 7.690389
v -36.219101 23.162800 -6.793435
v -37.405212 10.722544 6.763964
v -37.275330 23.162800 -6.885842
v -38.461441 10.722544 6.671558
v -37.423214 0.013432 6.045393
v -37.423214 12.004791 6.045385
v -36.047401 12.004791 6.165752
v -36.047401 0.013432 6.165761
v -35.927032 13.276865 4.789948
v -35.927032 0.013432 4.789948
v -37.302845 13.276865 4.669582
v -37.302845 0.013432 4.669581
v -38.897057 24.105701 -6.020625
v -38.897057 25.371120 -6.020625
v -38.721699 25.371120 -8.024990
v -38.721699 24.105701 -8.024990
v -4.254191 24.105701 -2.989779
v -4.254191 25.371120 -2.989779
v -4.078833 25.371120 -4.994144
v -4.078833 24.105701 -4.994144
v -36.449707 13.822254 3.231864
v -40.263577 10.939669 2.898195
v -43.180058 9.678537 2.643037
v -46.004730 9.296503 2.395911
v -46.324966 9.114946 2.367895
v -46.345619 8.508619 2.366086
v -46.414062 6.737598 2.360099
v -34.708317 13.822253 -16.672459
v -38.522179 10.939668 -17.006130
v -41.438660 9.678538 -17.261288
v -44.263336 9.296504 -17.508413
v -44.583565 9.114947 -17.536430
v -44.604218 8.508618 -17.538237
v -44.672668 6.737597 -17.544224
v -44.428665 9.100270 -18.573170
v -44.155731 9.258449 -18.549292
v -43.882801 9.100270 -18.525414
v -43.882801 8.783916 -18.525414
v -44.155731 8.625737 -18.549292
v -44.428665 8.783916 -18.573170
v -46.344482 9.100269 3.324799
v -46.071548 9.258448 3.348677
v -45.798622 9.100269 3.372555
v -45.798622 8.783915 3.372555
v -46.071548 8.625736 3.348677
v -46.344482 8.783915 3.324799
v -46.016464 10.339159 2.681170
v -46.217167 10.339159 2.774759
v -46.236469 10.339159 2.995365
v -46.055065 10.339159 3.122382
v -45.854366 10.339159 3.028794
v -45.835064 10.339159 2.808188
v -46.016464 1.860576 2.681171
v -46.217167 1.860576 2.774759
v -46.236469 1.860576 2.995365
v -46.055065 1.860576 3.122383
v -45.854366 1.860576 3.028794
v -45.835064 1.860576 2.808188
v -45.994804 1.847701 2.433584
v -46.420753 1.847701 2.632206
v -46.461716 1.847701 3.100399
v -46.076729 1.847701 3.369970
v -45.650780 1.847701 3.171346
v -45.609818 1.847701 2.703154
v -45.994804 -0.000692 2.433584
v -46.420753 -0.000692 2.632206
v -46.461716 -0.000693 3.100399
v -46.076729 -0.000693 3.369970
v -45.650780 -0.000693 3.171346
v -45.609818 -0.000692 2.703154
v -44.219288 10.339160 -17.860779
v -44.400688 10.339160 -17.987797
v -44.381390 10.339160 -18.208403
v -44.180687 10.339160 -18.301992
v -43.999287 10.339160 -18.174973
v -44.018585 10.339160 -17.954367
v -44.219288 1.860577 -17.860779
v -44.400688 1.860577 -17.987799
v -44.381390 1.860577 -18.208405
v -44.180687 1.860577 -18.301992
v -43.999287 1.860577 -18.174974
v -44.018585 1.860577 -17.954369
v -44.240948 1.847702 -17.613195
v -44.625935 1.847704 -17.882763
v -44.584972 1.847704 -18.350956
v -44.159023 1.847704 -18.549580
v -43.774036 1.847704 -18.280010
v -43.814999 1.847704 -17.811817
v -44.240948 -0.000692 -17.613195
v -44.625935 -0.000691 -17.882763
v -44.584972 -0.000691 -18.350956
v -44.159023 -0.000691 -18.549580
v -43.774036 -0.000691 -18.280010
v -43.814999 -0.000691 -17.811817
v -15.508998 3.140194 10.030859
v -15.884095 3.140194 14.318270
v -15.508998 7.443985 10.030859
v -15.884095 7.443985 14.318270
v -16.268326 3.140194 9.964427
v -16.643425 3.140194 14.251838
v -16.268326 7.443985 9.964427
v -16.643425 7.443985 14.251838
v -16.322670 3.763713 10.585573
v -16.589081 3.763713 13.630692
v -16.589081 6.820465 13.630692
v -16.322670 6.820465 10.585573
v -15.869234 3.763713 10.625244
v -16.135645 3.763713 13.670363
v -16.135645 6.820465 13.670363
v -15.869234 6.820465 10.625244
v -14.911579 11.308698 17.560425
v -14.911579 12.574121 17.560425
v -13.650972 12.574121 17.670715
v -13.650972 11.308698 17.670715
v -16.053730 11.308698 30.615339
v -16.053730 12.574121 30.615339
v -14.793123 12.574121 30.725628
v -14.793123 11.308698 30.725628
v -15.435402 -0.051444 29.994837
v -15.772288 -0.051444 29.758945
v -15.736444 -0.051444 29.349249
v -15.363714 -0.051444 29.175444
v -15.026826 -0.051444 29.411335
v -15.062670 -0.051444 29.821030
v -15.435402 14.699292 29.994837
v -15.772288 14.699292 29.758945
v -15.736444 14.699292 29.349249
v -15.363714 14.699292 29.175444
v -15.026826 14.699292 29.411335
v -15.062670 14.699292 29.821030
v 0.183191 11.308698 18.881044
v 0.183191 12.574121 18.881044
v -1.077417 12.574121 18.770756
v -1.077417 11.308698 18.770756
v -0.958965 11.308698 31.935957
v -0.958965 12.574121 31.935957
v -2.219573 12.574121 31.825665
v -2.219573 11.308698 31.825665
v -1.460153 -0.051444 31.217512
v -1.087423 -0.051444 31.043701
v -1.051579 -0.051444 30.634007
v -1.388465 -0.051444 30.398117
v -1.761197 -0.051444 30.571924
v -1.797041 -0.051444 30.981619
v -1.460153 14.699292 31.217512
v -1.087423 14.699292 31.043701
v -1.051579 14.699292 30.634007
v -1.388465 14.699292 30.398117
v -1.761197 14.699292 30.571924
v -1.797041 14.699292 30.981619
v 1.226701 11.180146 30.198790
v 1.226701 12.702670 30.198790
v 1.094005 12.702670 31.715521
v 1.094005 11.180146 31.715521
v -17.904539 11.180146 28.525026
v -17.904539 12.702670 28.525026
v -18.037235 12.702670 30.041761
v -18.037235 11.180146 30.041761
v -11.880105 3.140194 17.209280
v -7.592693 3.140194 17.584379
v -11.880105 7.443984 17.209280
v -7.592693 7.443984 17.584379
v -11.946537 3.140194 17.968609
v -7.659125 3.140194 18.343708
v -11.946537 7.443984 17.968609
v -7.659125 7.443984 18.343708
v -11.325391 3.763713 18.022951
v -8.280272 3.763713 18.289364
v -8.280272 6.820464 18.289364
v -11.325391 6.820464 18.022951
v -11.285721 3.763713 17.569515
v -8.240601 3.763713 17.835928
v -8.240601 6.820464 17.835928
v -11.285721 6.820464 17.569515
v 4.064201 3.140194 18.604219
v 8.351614 3.140194 18.979317
v 4.064201 7.443984 18.604219
v 8.351614 7.443984 18.979317
v 3.997769 3.140194 19.363548
v 8.285181 3.140194 19.738646
v 3.997769 7.443984 19.363548
v 8.285181 7.443984 19.738646
v 4.618915 3.763713 19.417891
v 7.664035 3.763713 19.684303
v 7.664035 6.820464 19.684303
v 4.618915 6.820464 19.417891
v 4.658586 3.763713 18.964455
v 7.703705 3.763713 19.230867
v 7.703705 6.820464 19.230867
v 4.658586 6.820464 18.964455
v 13.367446 0.002018 14.317054
v 13.758557 0.002018 9.846607
v 13.367446 8.339015 14.317054
v 13.758557 8.339016 9.846607
v 14.258562 0.002018 14.395016
v 14.649673 0.002018 9.924569
v 14.258562 8.339015 14.395016
v 14.649673 8.339016 9.924569
v 14.320906 0.002018 13.682420
v 14.587331 0.002018 10.637164
v 14.587331 7.627649 10.637164
v 14.320906 7.627649 13.682420
v 13.941224 0.002018 13.649201
v 14.207649 0.002018 10.603946
v 14.207649 7.627649 10.603946
v 13.941224 7.627649 13.649201
v 15.251987 0.002019 -7.223441
v 15.643098 0.002019 -11.693888
v 15.251987 8.339016 -7.223441
v 15.643098 8.339017 -11.693888
v 16.143103 0.002019 -7.145480
v 16.534214 0.002019 -11.615927
v 16.143103 8.339016 -7.145479
v 16.534214 8.339017 -11.615927
v 16.205446 0.002019 -7.858076
v 16.471870 0.002019 -10.903332
v 16.471870 7.627650 -10.903332
v 16.205446 7.627650 -7.858075
v 15.825765 0.002019 -7.891294
v 16.092190 0.002019 -10.936549
v 16.092190 7.627650 -10.936549
v 15.825765 7.627650 -7.891293
v -35.926189 3.140195 -3.113089
v -36.301289 3.140195 1.174322
v -35.926189 7.443985 -3.113089
v -36.301289 7.443985 1.174322
v -36.685516 3.140195 -3.179521
v -37.060616 3.140195 1.107890
v -36.685516 7.443985 -3.179521
v -37.060616 7.443985 1.107891
v -36.739857 3.763714 -2.558375
v -37.006271 3.763714 0.486744
v -37.006271 6.820465 0.486744
v -36.739857 6.820465 -2.558375
v -36.286423 3.763714 -2.518705
v -36.552837 3.763714 0.526414
v -36.552837 6.820465 0.526414
v -36.286423 6.820465 -2.518705
v -34.921955 3.140196 -14.591547
v -35.297054 3.140195 -10.304136
v -34.921955 7.443985 -14.591547
v -35.297054 7.443985 -10.304136
v -35.681282 3.140196 -14.657980
v -36.056381 3.140195 -10.370568
v -35.681282 7.443985 -14.657980
v -36.056381 7.443985 -10.370568
v -35.735626 3.763715 -14.036834
v -36.002037 3.763714 -10.991714
v -36.002037 6.820466 -10.991714
v -35.735626 6.820466 -14.036834
v -35.282192 3.763715 -13.997164
v -35.548603 3.763714 -10.952044
v -35.548603 6.820466 -10.952044
v -35.282192 6.820466 -13.997164
v -12.945675 0.002024 -19.419271
v -12.945675 0.002024 -19.419271
v -16.121109 0.002022 16.876268
v -12.945675 15.001824 -19.419271
v -12.945675 15.001824 -19.419271
v 1.587717 28.354404 -18.147768
v -16.121109 15.001822 16.876268
v -16.121109 15.001822 16.876268
v -16.121109 15.001822 16.876268
v -1.587717 0.002023 18.147770
v -1.587717 0.002023 18.147770
v -1.587717 0.002023 18.147770
v -1.587717 28.354404 18.147772
v 1.587717 0.002024 -18.147770
v 1.587717 0.002024 -18.147770
v 1.587717 0.002024 -18.147770
v -18.438227 13.844949 18.020096
v -18.438227 13.844949 18.020096
v -1.704629 29.199684 19.484097
v -1.704629 29.199684 19.484097
v 1.693459 29.199696 -19.356411
v 1.693459 29.199696 -19.356411
v -15.040138 13.844951 -20.820410
v -15.040138 13.844951 -20.820410
v -1.704629 28.353226 19.484097
v -1.704629 28.353226 19.484097
v -18.012472 13.378400 18.057344
v -18.012472 13.378400 18.057344
v -18.012472 13.378400 18.057344
v -14.614382 13.378402 -20.783161
v 1.693459 28.353233 -19.356411
v 1.693459 28.353233 -19.356411
v -13.363945 11.301770 -21.098202
v -13.363945 11.301770 -21.098202
v -13.363945 11.301770 -21.098202
v -13.363945 11.301770 -21.098202
v -16.831421 11.301768 18.535408
v -16.831421 11.301768 18.535408
v -16.831421 11.301768 18.535408
v -16.831421 12.567191 18.535408
v -16.831421 12.567191 18.535408
v -16.831421 12.567191 18.535408
v -16.831421 12.567191 18.535408
v -13.363945 12.567193 -21.098202
v -13.363945 12.567193 -21.098202
v -13.363945 12.567193 -21.098202
v -15.570814 12.567191 18.645697
v -15.570814 12.567191 18.645697
v -15.570814 12.567191 18.645697
v -12.103338 12.567193 -20.987915
v -12.103338 12.567193 -20.987915
v -12.103338 12.567193 -20.987915
v -12.103338 12.567193 -20.987915
v -15.570814 11.301768 18.645697
v -15.570814 11.301768 18.645697
v -15.570814 11.301768 18.645697
v -15.570814 11.301768 18.645697
v -12.103338 11.301770 -20.987915
v -12.103338 11.301770 -20.987915
v -12.103338 11.301770 -20.987915
v 12.945677 15.001822 19.419271
v 12.945677 15.001822 19.419271
v 12.945677 15.001822 19.419271
v 12.945677 0.002022 19.419271
v 16.121111 15.001824 -16.876268
v 16.121111 15.001824 -16.876268
v 16.121111 0.002023 -16.876268
v 16.121111 0.002023 -16.876268
v 15.028971 13.844949 20.948084
v 18.427055 13.844951 -17.892422
v 18.427055 13.844951 -17.892422
v 18.427055 13.844951 -17.892422
v 14.603216 13.378400 20.910835
v 14.603216 13.378400 20.910835
v 18.001299 13.378402 -17.929670
v 18.001299 13.378402 -17.929670
v 13.357092 11.301768 21.176550
v 13.357092 11.301768 21.176550
v 13.357092 11.301768 21.176550
v 16.824568 11.301770 -18.457062
v 16.824568 11.301770 -18.457062
v 16.824568 11.301770 -18.457062
v 16.824568 11.301770 -18.457062
v 13.357092 12.567191 21.176550
v 13.357092 12.567191 21.176550
v 13.357092 12.567191 21.176550
v 13.357092 12.567191 21.176550
v 16.824568 12.567193 -18.457062
v 16.824568 12.567193 -18.457062
v 16.824568 12.567193 -18.457062
v 12.096485 12.567191 21.066261
v 12.096485 12.567191 21.066261
v 12.096485 12.567191 21.066261
v 15.563961 12.567193 -18.567350
v 15.563961 12.567193 -18.567350
v 15.563961 12.567193 -18.567350
v 15.563961 12.567193 -18.567350
v 12.096485 11.301768 21.066261
v 12.096485 11.301768 21.066261
v 12.096485 11.301768 21.066261
v 12.096485 11.301768 21.066261
v 15.563961 11.301770 -18.567350
v 15.563961 11.301770 -18.567350
v 15.563961 11.301770 -18.567350
v -18.153685 11.301770 17.320045
v -18.153685 11.301770 17.320045
v -18.153685 11.301770 17.320045
v 14.805161 11.301770 20.203562
v 14.805161 11.301770 20.203562
v 14.805161 11.301770 20.203562
v 14.805161 11.301770 20.203562
v -18.153685 12.567193 17.320045
v -18.153685 12.567193 17.320045
v -18.153685 12.567193 17.320045
v -18.153685 12.567193 17.320045
v 14.805161 12.567193 20.203562
v 14.805161 12.567193 20.203562
v 14.805161 12.567193 20.203562
v -18.043396 12.567193 16.059439
v -18.043396 12.567193 16.059439
v -18.043396 12.567193 16.059439
v 14.915449 12.567193 18.942955
v 14.915449 12.567193 18.942955
v 14.915449 12.567193 18.942955
v 14.915449 12.567193 18.942955
v -18.043396 11.301770 16.059439
v -18.043396 11.301770 16.059439
v -18.043396 11.301770 16.059439
v -18.043396 11.301770 16.059439
v 14.915449 11.301770 18.942955
v 14.915449 11.301770 18.942955
v 14.915449 11.301770 18.942955
v -1.638315 27.924026 18.726112
v -1.638315 27.924026 18.726112
v -1.638315 27.924026 18.726112
v -1.638315 27.924026 18.726112
v -1.638315 27.924026 18.726112
v -1.748603 27.924026 19.986719
v -1.748603 27.924026 19.986719
v -1.748603 27.924026 19.986719
v -1.748603 27.924026 19.986719
v -1.748603 27.924026 19.986719
v -1.748603 27.924026 19.986719
v -1.748603 27.924026 19.986719
v -18.907463 13.893508 18.485519
v -18.907463 13.893508 18.485519
v -18.907463 13.893508 18.485519
v -18.907463 13.893508 18.485519
v -1.748603 29.638477 19.986719
v -1.748603 29.638477 19.986719
v -1.748603 29.638477 19.986719
v -18.797176 13.893508 17.224913
v -18.797176 13.893508 17.224913
v -18.797176 13.893508 17.224913
v -18.797176 13.893508 17.224913
v -1.638315 29.638477 18.726112
v -1.638315 29.638477 18.726112
v -1.638315 29.638477 18.726112
v -1.638315 29.638477 18.726112
v -1.638315 29.638477 18.726112
v -17.946648 12.959506 17.299324
v -17.946648 12.959506 17.299324
v -17.946648 12.959506 17.299324
v -18.056934 12.959506 18.559931
v -18.056934 12.959506 18.559931
v -18.056934 12.959506 18.559931
v 15.520547 13.893508 20.227312
v 15.520547 13.893508 20.227312
v 15.520547 13.893508 20.227312
v 15.520547 13.893508 20.227312
v 15.410259 13.893508 21.487919
v 15.410259 13.893508 21.487919
v 15.410259 13.893508 21.487919
v 15.410259 13.893508 21.487919
v 14.670018 12.959506 20.152901
v 14.670018 12.959506 20.152901
v 14.670018 12.959506 20.152901
v 14.559731 12.959506 21.413507
v 14.559731 12.959506 21.413507
v 14.559731 12.959506 21.413507
v -16.989382 0.016031 17.608242
v -15.347351 0.016031 17.751900
v -15.347351 0.016031 17.751900
v -15.347351 0.016031 17.751900
v -15.203691 0.016032 16.109867
v -15.203691 0.016032 16.109867
v -16.845724 0.016032 15.966209
v -16.845724 0.016032 15.966209
v -16.989372 14.327718 17.608242
v -16.989372 14.327718 17.608242
v -16.989372 14.327718 17.608242
v -16.845715 14.327718 15.966210
v -16.845715 14.327718 15.966210
v -15.203691 15.845939 16.109867
v -15.203691 15.845939 16.109867
v -15.347351 15.845939 17.751900
v -12.031621 0.016033 -20.147240
v -12.031621 0.016033 -20.147240
v -12.031621 0.016033 -20.147240
v -13.673653 0.016033 -20.290897
v -12.175280 0.016033 -18.505207
v -12.175280 0.016033 -18.505207
v -13.817311 0.016033 -18.648865
v -13.817311 0.016033 -18.648865
v -13.817302 14.327720 -18.648865
v -13.817302 14.327720 -18.648865
v -13.673643 14.327720 -20.290897
v -13.673643 14.327720 -20.290897
v -13.673643 14.327720 -20.290897
v -12.175280 15.845941 -18.505207
v -12.175280 15.845941 -18.505207
v -12.031621 15.845941 -20.147240
v 12.031622 0.016031 20.147240
v 12.031622 0.016031 20.147240
v 12.031622 0.016031 20.147240
v 13.673654 0.016031 20.290897
v 12.175281 0.016031 18.505207
v 12.175281 0.016031 18.505207
v 13.817312 0.016031 18.648865
v 13.817312 0.016031 18.648865
v 13.817303 14.327718 18.648865
v 13.817303 14.327718 18.648865
v 13.673644 14.327718 20.290897
v 13.673644 14.327718 20.290897
v 13.673644 14.327718 20.290897
v 12.175281 15.845939 18.505207
v 12.175281 15.845939 18.505207
v 12.031622 15.845939 20.147240
v 16.989384 0.016033 -17.608242
v 15.347352 0.016033 -17.751900
v 15.347352 0.016033 -17.751900
v 15.347352 0.016033 -17.751900
v 15.203693 0.016033 -16.109867
v 15.203693 0.016033 -16.109867
v 16.845724 0.016033 -15.966209
v 16.845724 0.016033 -15.966209
v 16.989374 14.327720 -17.608242
v 16.989374 14.327720 -17.608242
v 16.989374 14.327720 -17.608242
v 16.845715 14.327720 -15.966208
v 16.845715 14.327720 -15.966208
v 15.203693 15.845941 -16.109867
v 15.203693 15.845941 -16.109867
v 15.347352 15.845941 -17.751900
v 1.748603 27.924026 -19.986715
v 1.748603 27.924026 -19.986715
v 1.748603 27.924026 -19.986715
v 1.748603 27.924026 -19.986715
v 1.748603 27.924026 -19.986715
v 1.748603 27.924026 -19.986715
v 1.748603 27.924026 -19.986715
v 1.638315 27.924026 -18.726109
v 1.638315 27.924026 -18.726109
v 1.638315 27.924026 -18.726109
v 1.638315 27.924026 -18.726109
v 1.638315 27.924026 -18.726109
v 1.748603 29.638477 -19.986715
v 1.748603 29.638477 -19.986715
v 1.748603 29.638477 -19.986715
v -15.410259 13.893510 -21.487919
v -15.410259 13.893510 -21.487919
v -15.410259 13.893510 -21.487919
v -15.410259 13.893510 -21.487919
v -15.520547 13.893510 -20.227312
v -15.520547 13.893510 -20.227312
v -15.520547 13.893510 -20.227312
v -15.520547 13.893510 -20.227312
v 1.638315 29.638477 -18.726109
v 1.638315 29.638477 -18.726109
v 1.638315 29.638477 -18.726109
v 1.638315 29.638477 -18.726109
v 1.638315 29.638477 -18.726109
v -14.670018 12.959508 -20.152901
v -14.670018 12.959508 -20.152901
v -14.670018 12.959508 -20.152901
v -14.559731 12.959508 -21.413507
v -14.559731 12.959508 -21.413507
v -14.559731 12.959508 -21.413507
v 18.797176 13.893510 -17.224913
v 18.797176 13.893510 -17.224913
v 18.797176 13.893510 -17.224913
v 18.797176 13.893510 -17.224913
v 18.907463 13.893510 -18.485519
v 18.907463 13.893510 -18.485519
v 18.907463 13.893510 -18.485519
v 18.907463 13.893510 -18.485519
v 17.946648 12.959508 -17.299324
v 17.946648 12.959508 -17.299324
v 17.946648 12.959508 -17.299324
v 18.056934 12.959508 -18.559931
v 18.056934 12.959508 -18.559931
v 18.056934 12.959508 -18.559931
v 18.088531 11.301772 -17.325748
v 18.088531 11.301772 -17.325748
v 18.088531 11.301772 -17.325748
v 18.088531 11.301772 -17.325748
v -14.870314 11.301772 -20.209259
v -14.870314 11.301772 -20.209259
v -14.870314 11.301772 -20.209259
v -14.870314 12.567195 -20.209259
v -14.870314 12.567195 -20.209259
v -14.870314 12.567195 -20.209259
v -14.870314 12.567195 -20.209259
v 18.088531 12.567195 -17.325748
v 18.088531 12.567195 -17.325748
v 18.088531 12.567195 -17.325748
v -14.980602 12.567195 -18.948652
v -14.980602 12.567195 -18.948652
v -14.980602 12.567195 -18.948652
v 17.978243 12.567195 -16.065142
v 17.978243 12.567195 -16.065142
v 17.978243 12.567195 -16.065142
v 17.978243 12.567195 -16.065142
v -14.980602 11.301772 -18.948652
v -14.980602 11.301772 -18.948652
v -14.980602 11.301772 -18.948652
v -14.980602 11.301772 -18.948652
v 17.978243 11.301772 -16.065142
v 17.978243 11.301772 -16.065142
v 17.978243 11.301772 -16.065142
v 0.917867 28.906673 -21.297403
v 0.917867 28.906673 -21.297403
v 0.917867 28.906673 -21.297403
v 0.917867 28.906673 -21.297403
v -2.830297 28.906673 21.544502
v -2.830297 28.906673 21.544502
v -2.830297 28.906673 21.544502
v -2.830297 30.172096 21.544502
v -2.830297 30.172096 21.544502
v -2.830297 30.172096 21.544502
v -2.830297 30.172096 21.544502
v 0.917867 30.172096 -21.297403
v 0.917867 30.172096 -21.297403
v 0.917867 30.172096 -21.297403
v -0.825931 30.172096 21.719860
v -0.825931 30.172096 21.719860
v -0.825931 30.172096 21.719860
v 2.922232 30.172096 -21.122044
v 2.922232 30.172096 -21.122044
v 2.922232 30.172096 -21.122044
v 2.922232 30.172096 -21.122044
v -0.825931 28.906673 21.719860
v -0.825931 28.906673 21.719860
v -0.825931 28.906673 21.719860
v -0.825931 28.906673 21.719860
v 2.922232 28.906673 -21.122044
v 2.922232 28.906673 -21.122044
v 2.922232 28.906673 -21.122044
v -30.474810 8.339016 5.937114
v -30.474810 8.339016 5.937114
v -30.474810 0.002019 5.937114
v -26.004360 8.339016 6.328226
v -26.004360 8.339016 6.328226
v -26.082321 0.002019 7.219340
v -26.082321 0.002019 7.219340
v -26.082321 0.002019 7.219340
v -26.082321 8.339016 7.219341
v -26.082321 8.339016 7.219341
v -26.082321 8.339016 7.219341
v -26.082321 8.339016 7.219341
v -26.082321 8.339016 7.219341
v -30.552771 8.339016 6.828229
v -30.552771 8.339016 6.828229
v -30.552771 8.339016 6.828229
v -30.552771 8.339016 6.828229
v -30.552771 0.002019 6.828229
v -30.552771 0.002019 6.828229
v -26.794916 0.002019 7.156997
v -26.794916 7.627649 7.156997
v -26.794916 7.627649 7.156997
v -26.794916 7.627649 7.156997
v -26.794916 7.627649 7.156997
v -26.794916 7.627649 7.156997
v -29.840174 7.627649 6.890574
v -29.840174 7.627649 6.890574
v -29.840174 7.627649 6.890574
v -29.840174 7.627649 6.890574
v -29.840174 7.627649 6.890574
v -29.840174 7.627649 6.890574
v -29.840174 0.002019 6.890574
v -29.840174 0.002019 6.890574
v -29.806957 0.002019 6.510893
v -26.761700 0.002019 6.777316
v -26.761700 0.002019 6.777316
v -26.761700 0.002019 6.777316
v -26.761700 7.627649 6.777317
v -26.761700 7.627649 6.777317
v -26.761700 7.627649 6.777317
v -29.806957 7.627649 6.510893
v -29.806957 7.627649 6.510893
v -29.806957 7.627649 6.510893
v -29.806957 7.627649 6.510893
v 5.863916 36.625896 13.480696
v 5.863916 36.625896 13.480696
v 5.863916 36.625896 13.480696
v 5.863916 36.625896 13.480696
v 2.353658 36.625896 13.173588
v 2.353658 36.625896 13.173588
v 2.353658 36.625896 13.173588
v 2.353658 36.625896 13.173588
v 3.955233 36.625896 15.082272
v 3.955233 36.625896 15.082272
v 3.955233 36.625896 15.082272
v 5.863916 37.511627 13.480696
v 5.863916 37.511627 13.480696
v 5.863916 37.511627 13.480696
v 5.863916 37.511627 13.480696
v 2.353658 37.511627 13.173588
v 2.353658 37.511627 13.173588
v 2.353658 37.511627 13.173588
v 2.353658 37.511627 13.173588
v 2.353658 37.511627 13.173588
v 7.056816 37.511627 12.479733
v 7.056816 37.511627 12.479733
v 7.056816 37.511627 12.479733
v 7.056816 37.511627 12.479733
v 7.056816 37.511627 12.479733
v 1.352697 37.511627 11.980690
v 1.352697 37.511627 11.980690
v 1.352697 37.511627 11.980690
v 1.352697 37.511627 11.980690
v 1.352697 37.511627 11.980690
v 7.056816 34.236069 12.479733
v 7.056816 34.236069 12.479733
v 7.056816 34.236069 12.479733
v 7.056816 34.236069 12.479733
v 7.056816 34.236069 12.479733
v 1.352697 34.236069 11.980690
v 1.352697 34.236069 11.980690
v 1.352697 34.236069 11.980690
v 1.352697 34.236069 11.980690
v 1.352697 34.236069 11.980690
v 6.693330 33.666672 12.784734
v 6.693330 33.666672 12.784734
v 6.693330 33.666672 12.784734
v 6.693330 33.666672 12.784734
v 6.693330 33.666672 12.784734
v 1.657697 33.666672 12.344175
v 1.657697 33.666672 12.344175
v 1.657697 33.666672 12.344175
v 1.657697 33.666672 12.344175
v 1.657697 33.666672 12.344175
v 6.693330 20.999142 12.784733
v 6.693330 20.999142 12.784733
v 6.693330 20.999142 12.784733
v 1.657695 20.999142 12.344175
v 1.657695 20.999142 12.344175
v 2.046551 36.625896 16.683847
v 2.046551 36.625896 16.683847
v 2.046551 36.625896 16.683847
v 2.046551 36.625896 16.683847
v 2.046551 36.625896 16.683847
v 2.046551 37.511627 16.683847
v 2.046551 37.511627 16.683847
v 2.046551 37.511627 16.683847
v 2.046551 37.511627 16.683847
v 2.046551 37.511627 16.683847
v 0.853653 37.511627 17.684809
v 0.853653 37.511627 17.684809
v 0.853653 37.511627 17.684809
v 0.853653 37.511627 17.684809
v 0.853653 37.511627 17.684809
v 0.853653 34.236069 17.684809
v 0.853653 34.236069 17.684809
v 0.853653 34.236069 17.684809
v 0.853653 34.236069 17.684809
v 0.853653 34.236069 17.684809
v 1.217138 33.666672 17.379810
v 1.217138 33.666672 17.379810
v 1.217138 33.666672 17.379810
v 1.217138 33.666672 17.379810
v 1.217138 33.666672 17.379810
v 1.217138 20.999142 17.379808
v 5.556811 36.625896 16.990953
v 5.556811 36.625896 16.990953
v 5.556811 36.625896 16.990953
v 5.556811 37.511627 16.990952
v 5.556811 37.511627 16.990952
v 5.556811 37.511627 16.990952
v 5.556811 37.511627 16.990952
v 5.556811 37.511627 16.990952
v 5.556811 37.511627 16.990952
v 6.557774 37.511627 18.183851
v 6.557774 37.511627 18.183851
v 6.557774 37.511627 18.183851
v 6.557774 37.511627 18.183851
v 6.557774 37.511627 18.183851
v 6.557774 34.236069 18.183851
v 6.557774 34.236069 18.183851
v 6.557774 34.236069 18.183851
v 6.557774 34.236069 18.183851
v 6.557774 34.236069 18.183851
v 6.252772 33.666672 17.820368
v 6.252772 33.666672 17.820368
v 6.252772 33.666672 17.820368
v 6.252772 33.666672 17.820368
v 6.252772 33.666672 17.820368
v 6.252770 20.999142 17.820366
v 6.252770 20.999142 17.820366
v -4.151183 0.001695 -16.258194
v -34.562195 0.001696 -18.918802
v -34.562195 12.569606 -18.918802
v -34.562195 12.569606 -18.918802
v -34.562195 12.569606 -18.918802
v -35.627548 0.001696 -6.741682
v -35.627548 0.001696 -6.741682
v -35.627548 0.001696 -6.741682
v -35.627548 23.757355 -6.741681
v -35.520569 11.600293 -20.860250
v -35.520569 11.600293 -20.860250
v -36.747215 24.465591 -6.839639
v -36.747215 24.465591 -6.839639
v -4.203849 24.465599 -3.992476
v -4.203849 24.465599 -3.992476
v -2.977208 11.600293 -18.013084
v -2.977208 11.600293 -18.013084
v -36.747215 23.756367 -6.839639
v -36.747215 23.756367 -6.839639
v -36.747215 23.756367 -6.839639
v -35.551781 11.209388 -20.503523
v -35.551781 11.209388 -20.503523
v -3.008420 11.209388 -17.656355
v -3.008420 11.209388 -17.656355
v -4.203849 23.756374 -3.992476
v -36.008160 11.739890 -21.369671
v -36.008160 11.739890 -21.369671
v -36.008160 11.739890 -21.369671
v -36.008160 11.739890 -21.369671
v -37.275330 25.030231 -6.885842
v -37.275330 25.030231 -6.885842
v -37.275330 25.030231 -6.885842
v -37.275330 25.030231 -6.885842
v -36.219101 25.030231 -6.793435
v -36.219101 25.030231 -6.793435
v -36.219101 25.030231 -6.793435
v -36.219101 25.030231 -6.793435
v -34.951931 11.739890 -21.277262
v -34.951931 11.739890 -21.277262
v -34.951931 11.739890 -21.277262
v -34.951931 11.739890 -21.277262
v -36.219101 23.162800 -6.793435
v -36.219101 23.162800 -6.793435
v -36.219101 23.162800 -6.793435
v -36.219101 23.162800 -6.793435
v -36.219101 23.162800 -6.793435
v -35.032986 10.722545 -20.350838
v -35.032986 10.722545 -20.350838
v -35.032986 10.722545 -20.350838
v -35.032986 10.722545 -20.350838
v -37.275330 23.162800 -6.885842
v -37.275330 23.162800 -6.885842
v -37.275330 23.162800 -6.885842
v -37.275330 23.162800 -6.885842
v -37.275330 23.162800 -6.885842
v -37.275330 23.162800 -6.885842
v -37.275330 23.162800 -6.885842
v -36.089214 10.722545 -20.443247
v -36.089214 10.722545 -20.443247
v -35.175491 0.013433 -19.646309
v -35.295860 0.013433 -18.270496
v -35.295860 0.013433 -18.270496
v -35.295860 0.013433 -18.270496
v -33.920048 0.013433 -18.150129
v -33.920048 0.013433 -18.150129
v -33.799679 0.013433 -19.525942
v -33.799679 0.013433 -19.525942
v -35.175491 12.004792 -19.646301
v -35.175491 12.004792 -19.646301
v -35.175491 12.004792 -19.646301
v -33.799679 12.004792 -19.525934
v -33.799679 12.004792 -19.525934
v -33.920048 13.276866 -18.150129
v -33.920048 13.276866 -18.150129
v -35.295860 13.276866 -18.270496
v -36.692905 12.569605 5.435438
v -36.692905 12.569605 5.435438
v -36.692905 12.569605 5.435438
v -36.692905 0.001694 5.435437
v -6.281893 0.001694 8.096045
v -37.973850 11.600292 7.180971
v -5.430488 11.600292 10.028134
v -5.430488 11.600292 10.028134
v -5.430488 11.600292 10.028134
v -37.942638 11.209387 6.824242
v -37.942638 11.209387 6.824242
v -5.399278 11.209387 9.671405
v -5.399278 11.209387 9.671405
v -38.542492 11.739889 7.597981
v -38.542492 11.739889 7.597981
v -38.542492 11.739889 7.597981
v -38.542492 11.739889 7.597981
v -37.486263 11.739889 7.690389
v -37.486263 11.739889 7.690389
v -37.486263 11.739889 7.690389
v -37.486263 11.739889 7.690389
v -37.405212 10.722544 6.763964
v -37.405212 10.722544 6.763964
v -37.405212 10.722544 6.763964
v -38.461441 10.722544 6.671558
v -38.461441 10.722544 6.671558
v -38.461441 10.722544 6.671558
v -37.423214 12.004791 6.045385
v -37.423214 12.004791 6.045385
v -37.423214 12.004791 6.045385
v -37.423214 0.013432 6.045393
v -36.047401 12.004791 6.165752
v -36.047401 12.004791 6.165752
v -36.047401 0.013432 6.165761
v -36.047401 0.013432 6.165761
v -35.927032 13.276865 4.789948
v -35.927032 13.276865 4.789948
v -35.927032 0.013432 4.789948
v -35.927032 0.013432 4.789948
v -37.302845 13.276865 4.669582
v -37.302845 0.013432 4.669581
v -37.302845 0.013432 4.669581
v -37.302845 0.013432 4.669581
v -38.897057 24.105701 -6.020625
v -38.897057 24.105701 -6.020625
v -38.897057 24.105701 -6.020625
v -38.897057 24.105701 -6.020625
v -4.254191 24.105701 -2.989779
v -4.254191 24.105701 -2.989779
v -4.254191 25.371120 -2.989779
v -4.254191 25.371120 -2.989779
v -38.897057 25.371120 -6.020625
v -38.897057 25.371120 -6.020625
v -38.897057 25.371120 -6.020625
v -4.078833 25.371120 -4.994144
v -4.078833 25.371120 -4.994144
v -38.721699 25.371120 -8.024990
v -38.721699 25.371120 -8.024990
v -38.721699 25.371120 -8.024990
v -38.721699 25.371120 -8.024990
v -4.078833 24.105701 -4.994144
v -4.078833 24.105701 -4.994144
v -38.721699 24.105701 -8.024990
v -38.721699 24.105701 -8.024990
v -38.721699 24.105701 -8.024990
v -40.263577 10.939669 2.898195
v -40.263577 10.939669 2.898195
v -38.522179 10.939668 -17.006130
v -38.522179 10.939668 -17.006130
v -34.708317 13.822253 -16.672459
v -43.180058 9.678537 2.643037
v -43.180058 9.678537 2.643037
v -41.438660 9.678538 -17.261288
v -41.438660 9.678538 -17.261288
v -46.004730 9.296503 2.395911
v -46.004730 9.296503 2.395911
v -46.004730 9.296503 2.395911
v -44.263336 9.296504 -17.508413
v -46.324966 9.114946 2.367895
v -44.583565 9.114947 -17.536430
v -44.583565 9.114947 -17.536430
v -44.583565 9.114947 -17.536430
v -46.345619 8.508619 2.366086
v -46.345619 8.508619 2.366086
v -44.604218 8.508618 -17.538237
v -44.604218 8.508618 -17.538237
v -46.414062 6.737598 2.360099
v -44.428665 9.100270 -18.573170
v -44.428665 9.100270 -18.573170
v -44.428665 9.100270 -18.573170
v -44.428665 9.100270 -18.573170
v -46.344482 9.100269 3.324799
v -46.344482 9.100269 3.324799
v -46.344482 9.100269 3.324799
v -46.071548 9.258448 3.348677
v -46.071548 9.258448 3.348677
v -46.071548 9.258448 3.348677
v -46.071548 9.258448 3.348677
v -46.071548 9.258448 3.348677
v -46.071548 9.258448 3.348677
v -44.155731 9.258449 -18.549292
v -44.155731 9.258449 -18.549292
v -44.155731 9.258449 -18.549292
v -44.155731 9.258449 -18.549292
v -45.798622 9.100269 3.372555
v -45.798622 9.100269 3.372555
v -45.798622 9.100269 3.372555
v -43.882801 9.100270 -18.525414
v -43.882801 9.100270 -18.525414
v -43.882801 9.100270 -18.525414
v -43.882801 9.100270 -18.525414
v -45.798622 8.783915 3.372555
v -45.798622 8.783915 3.372555
v -45.798622 8.783915 3.372555
v -45.798622 8.783915 3.372555
v -43.882801 8.783916 -18.525414
v -43.882801 8.783916 -18.525414
v -43.882801 8.783916 -18.525414
v -46.071548 8.625736 3.348677
v -46.071548 8.625736 3.348677
v -46.071548 8.625736 3.348677
v -46.071548 8.625736 3.348677
v -44.155731 8.625737 -18.549292
v -44.155731 8.625737 -18.549292
v -44.155731 8.625737 -18.549292
v -44.155731 8.625737 -18.549292
v -44.155731 8.625737 -18.549292
v -44.155731 8.625737 -18.549292
v -46.344482 8.783915 3.324799
v -46.344482 8.783915 3.324799
v -46.344482 8.783915 3.324799
v -46.344482 8.783915 3.324799
v -44.428665 8.783916 -18.573170
v -44.428665 8.783916 -18.573170
v -44.428665 8.783916 -18.573170
v -46.016464 10.339159 2.681170
v -46.016464 10.339159 2.681170
v -46.016464 10.339159 2.681170
v -46.016464 10.339159 2.681170
v -46.016464 1.860576 2.681171
v -46.016464 1.860576 2.681171
v -46.016464 1.860576 2.681171
v -46.016464 1.860576 2.681171
v -46.217167 1.860576 2.774759
v -46.217167 1.860576 2.774759
v -46.217167 1.860576 2.774759
v -46.217167 1.860576 2.774759
v -46.217167 1.860576 2.774759
v -46.217167 10.339159 2.774759
v -46.217167 10.339159 2.774759
v -46.217167 10.339159 2.774759
v -46.217167 10.339159 2.774759
v -46.236469 1.860576 2.995365
v -46.236469 1.860576 2.995365
v -46.236469 1.860576 2.995365
v -46.236469 1.860576 2.995365
v -46.236469 1.860576 2.995365
v -46.236469 1.860576 2.995365
v -46.236469 10.339159 2.995365
v -46.236469 10.339159 2.995365
v -46.236469 10.339159 2.995365
v -46.236469 10.339159 2.995365
v -46.055065 1.860576 3.122383
v -46.055065 1.860576 3.122383
v -46.055065 1.860576 3.122383
v -46.055065 1.860576 3.122383
v -46.055065 1.860576 3.122383
v -46.055065 10.339159 3.122382
v -46.055065 10.339159 3.122382
v -46.055065 10.339159 3.122382
v -45.854366 1.860576 3.028794
v -45.854366 1.860576 3.028794
v -45.854366 1.860576 3.028794
v -45.854366 1.860576 3.028794
v -45.854366 10.339159 3.028794
v -45.854366 10.339159 3.028794
v -45.854366 10.339159 3.028794
v -45.854366 10.339159 3.028794
v -45.854366 10.339159 3.028794
v -45.854366 10.339159 3.028794
v -45.835064 1.860576 2.808188
v -45.835064 1.860576 2.808188
v -45.835064 1.860576 2.808188
v -45.835064 1.860576 2.808188
v -45.835064 1.860576 2.808188
v -45.835064 1.860576 2.808188
v -45.835064 10.339159 2.808188
v -45.835064 10.339159 2.808188
v -45.835064 10.339159 2.808188
v -45.994804 1.847701 2.433584
v -45.994804 1.847701 2.433584
v -45.994804 1.847701 2.433584
v -45.994804 1.847701 2.433584
v -45.994804 1.847701 2.433584
v -45.994804 1.847701 2.433584
v -46.420753 1.847701 2.632206
v -46.420753 1.847701 2.632206
v -46.420753 1.847701 2.632206
v -46.420753 1.847701 2.632206
v -46.420753 1.847701 2.632206
v -46.461716 1.847701 3.100399
v -46.461716 1.847701 3.100399
v -46.461716 1.847701 3.100399
v -46.461716 1.847701 3.100399
v -46.076729 1.847701 3.369970
v -46.076729 1.847701 3.369970
v -46.076729 1.847701 3.369970
v -46.076729 1.847701 3.369970
v -46.076729 1.847701 3.369970
v -45.650780 1.847701 3.171346
v -45.650780 1.847701 3.171346
v -45.650780 1.847701 3.171346
v -45.650780 1.847701 3.171346
v -45.650780 1.847701 3.171346
v -45.650780 1.847701 3.171346
v -45.609818 1.847701 2.703154
v -45.609818 1.847701 2.703154
v -45.609818 1.847701 2.703154
v -45.609818 1.847701 2.703154
v -45.994804 -0.000692 2.433584
v -45.994804 -0.000692 2.433584
v -46.420753 -0.000692 2.632206
v -46.420753 -0.000692 2.632206
v -46.461716 -0.000693 3.100399
v -46.461716 -0.000693 3.100399
v -46.076729 -0.000693 3.369970
v -46.076729 -0.000693 3.369970
v -45.650780 -0.000693 3.171346
v -45.650780 -0.000693 3.171346
v -45.609818 -0.000692 2.703154
v -45.609818 -0.000692 2.703154
v -44.219288 1.860577 -17.860779
v -44.219288 1.860577 -17.860779
v -44.219288 1.860577 -17.860779
v -44.219288 1.860577 -17.860779
v -44.219288 1.860577 -17.860779
v -44.219288 1.860577 -17.860779
v -44.219288 10.339160 -17.860779
v -44.219288 10.339160 -17.860779
v -44.219288 10.339160 -17.860779
v -44.219288 10.339160 -17.860779
v -44.219288 10.339160 -17.860779
v -44.400688 1.860577 -17.987799
v -44.400688 1.860577 -17.987799
v -44.400688 1.860577 -17.987799
v -44.400688 1.860577 -17.987799
v -44.400688 1.860577 -17.987799
v -44.400688 10.339160 -17.987797
v -44.400688 10.339160 -17.987797
v -44.400688 10.339160 -17.987797
v -44.381390 1.860577 -18.208405
v -44.381390 1.860577 -18.208405
v -44.381390 1.860577 -18.208405
v -44.381390 1.860577 -18.208405
v -44.381390 1.860577 -18.208405
v -44.381390 10.339160 -18.208403
v -44.381390 10.339160 -18.208403
v -44.381390 10.339160 -18.208403
v -44.381390 10.339160 -18.208403
v -44.381390 10.339160 -18.208403
v -44.180687 1.860577 -18.301992
v -44.180687 1.860577 -18.301992
v -44.180687 1.860577 -18.301992
v -44.180687 1.860577 -18.301992
v -44.180687 1.860577 -18.301992
v -44.180687 10.339160 -18.301992
v -44.180687 10.339160 -18.301992
v -44.180687 10.339160 -18.301992
v -43.999287 1.860577 -18.174974
v -43.999287 1.860577 -18.174974
v -43.999287 1.860577 -18.174974
v -43.999287 1.860577 -18.174974
v -43.999287 10.339160 -18.174973
v -43.999287 10.339160 -18.174973
v -43.999287 10.339160 -18.174973
v -43.999287 10.339160 -18.174973
v -43.999287 10.339160 -18.174973
v -43.999287 10.339160 -18.174973
v -44.018585 1.860577 -17.954369
v -44.018585 1.860577 -17.954369
v -44.018585 1.860577 -17.954369
v -44.018585 1.860577 -17.954369
v -44.018585 1.860577 -17.954369
v -44.018585 10.339160 -17.954367
v -44.018585 10.339160 -17.954367
v -44.240948 1.847702 -17.613195
v -44.240948 1.847702 -17.613195
v -44.240948 1.847702 -17.613195
v -44.240948 1.847702 -17.613195
v -44.240948 1.847702 -17.613195
v -44.625935 1.847704 -17.882763
v -44.625935 1.847704 -17.882763
v -44.625935 1.847704 -17.882763
v -44.625935 1.847704 -17.882763
v -44.625935 1.847704 -17.882763
v -44.584972 1.847704 -18.350956
v -44.584972 1.847704 -18.350956
v -44.584972 1.847704 -18.350956
v -44.584972 1.847704 -18.350956
v -44.584972 1.847704 -18.350956
v -44.159023 1.847704 -18.549580
v -44.159023 1.847704 -18.549580
v -44.159023 1.847704 -18.549580
v -44.159023 1.847704 -18.549580
v -44.159023 1.847704 -18.549580
v -43.774036 1.847704 -18.280010
v -43.774036 1.847704 -18.280010
v -43.774036 1.847704 -18.280010
v -43.774036 1.847704 -18.280010
v -43.774036 1.847704 -18.280010
v -43.814999 1.847704 -17.811817
v -43.814999 1.847704 -17.811817
v -43.814999 1.847704 -17.811817
v -43.814999 1.847704 -17.811817
v -43.814999 1.847704 -17.811817
v -44.240948 -0.000692 -17.613195
v -44.625935 -0.000691 -17.882763
v -44.625935 -0.000691 -17.882763
v -44.584972 -0.000691 -18.350956
v -44.584972 -0.000691 -18.350956
v -44.159023 -0.000691 -18.549580
v -44.159023 -0.000691 -18.549580
v -43.774036 -0.000691 -18.280010
v -43.774036 -0.000691 -18.280010
v -43.814999 -0.000691 -17.811817
v -43.814999 -0.000691 -17.811817
v -43.814999 -0.000691 -17.811817
v -15.508998 7.443985 10.030859
v -15.508998 3.140194 10.030859
v -15.508998 3.140194 10.030859
v -15.884095 7.443985 14.318270
v -15.884095 7.443985 14.318270
v -15.884095 7.443985 14.318270
v -15.884095 3.140194 14.318270
v -15.884095 3.140194 14.318270
v -16.268326 3.140194 9.964427
v -16.268326 3.140194 9.964427
v -16.268326 3.140194 9.964427
v -16.268326 3.140194 9.964427
v -16.268326 3.140194 9.964427
v -16.643425 3.140194 14.251838
v -16.643425 3.140194 14.251838
v -16.643425 3.140194 14.251838
v -16.643425 3.140194 14.251838
v -16.643425 3.140194 14.251838
v -16.643425 3.140194 14.251838
v -16.643425 7.443985 14.251838
v -16.643425 7.443985 14.251838
v -16.643425 7.443985 14.251838
v -16.268326 7.443985 9.964427
v -16.268326 7.443985 9.964427
v -16.268326 7.443985 9.964427
v -16.268326 7.443985 9.964427
v -16.268326 7.443985 9.964427
v -16.268326 7.443985 9.964427
v -16.322670 3.763713 10.585573
v -16.322670 3.763713 10.585573
v -16.322670 3.763713 10.585573
v -16.322670 3.763713 10.585573
v -16.322670 3.763713 10.585573
v -16.589081 3.763713 13.630692
v -16.589081 3.763713 13.630692
v -16.589081 3.763713 13.630692
v -16.589081 3.763713 13.630692
v -16.589081 6.820465 13.630692
v -16.589081 6.820465 13.630692
v -16.589081 6.820465 13.630692
v -16.589081 6.820465 13.630692
v -16.589081 6.820465 13.630692
v -16.589081 6.820465 13.630692
v -16.322670 6.820465 10.585573
v -16.322670 6.820465 10.585573
v -16.322670 6.820465 10.585573
v -16.322670 6.820465 10.585573
v -16.322670 6.820465 10.585573
v -15.869234 3.763713 10.625244
v -15.869234 3.763713 10.625244
v -15.869234 3.763713 10.625244
v -16.135645 3.763713 13.670363
v -16.135645 3.763713 13.670363
v -16.135645 3.763713 13.670363
v -16.135645 3.763713 13.670363
v -16.135645 6.820465 13.670363
v -16.135645 6.820465 13.670363
v -16.135645 6.820465 13.670363
v -15.869234 6.820465 10.625244
v -15.869234 6.820465 10.625244
v -15.869234 6.820465 10.625244
v -15.869234 6.820465 10.625244
v -14.911579 11.308698 17.560425
v -16.053730 11.308698 30.615339
v -16.053730 11.308698 30.615339
v -16.053730 11.308698 30.615339
v -16.053730 11.308698 30.615339
v -16.053730 12.574121 30.615339
v -16.053730 12.574121 30.615339
v -16.053730 12.574121 30.615339
v -16.053730 12.574121 30.615339
v -14.911579 12.574121 17.560425
v -14.911579 12.574121 17.560425
v -14.793123 12.574121 30.725628
v -14.793123 12.574121 30.725628
v -14.793123 12.574121 30.725628
v -13.650972 12.574121 17.670715
v -13.650972 12.574121 17.670715
v -14.793123 11.308698 30.725628
v -14.793123 11.308698 30.725628
v -14.793123 11.308698 30.725628
v -13.650972 11.308698 17.670715
v -13.650972 11.308698 17.670715
v -13.650972 11.308698 17.670715
v -15.435402 -0.051444 29.994837
v -15.435402 -0.051444 29.994837
v -15.435402 14.699292 29.994837
v -15.435402 14.699292 29.994837
v -15.435402 14.699292 29.994837
v -15.435402 14.699292 29.994837
v -15.772288 14.699292 29.758945
v -15.772288 14.699292 29.758945
v -15.772288 14.699292 29.758945
v -15.772288 14.699292 29.758945
v -15.772288 -0.051444 29.758945
v -15.772288 -0.051444 29.758945
v -15.736444 14.699292 29.349249
v -15.736444 14.699292 29.349249
v -15.736444 14.699292 29.349249
v -15.736444 -0.051444 29.349249
v -15.736444 -0.051444 29.349249
v -15.363714 14.699292 29.175444
v -15.363714 14.699292 29.175444
v -15.363714 14.699292 29.175444
v -15.363714 14.699292 29.175444
v -15.363714 14.699292 29.175444
v -15.363714 14.699292 29.175444
v -15.363714 -0.051444 29.175444
v -15.363714 -0.051444 29.175444
v -15.026826 14.699292 29.411335
v -15.026826 14.699292 29.411335
v -15.026826 14.699292 29.411335
v -15.026826 -0.051444 29.411335
v -15.026826 -0.051444 29.411335
v -15.062670 14.699292 29.821030
v -15.062670 14.699292 29.821030
v -15.062670 14.699292 29.821030
v -15.062670 14.699292 29.821030
v -15.062670 -0.051444 29.821030
v -15.062670 -0.051444 29.821030
v -0.958965 11.308698 31.935957
v -0.958965 11.308698 31.935957
v -0.958965 11.308698 31.935957
v 0.183191 11.308698 18.881044
v 0.183191 11.308698 18.881044
v -0.958965 12.574121 31.935957
v -0.958965 12.574121 31.935957
v -0.958965 12.574121 31.935957
v 0.183191 12.574121 18.881044
v 0.183191 12.574121 18.881044
v 0.183191 12.574121 18.881044
v -2.219573 12.574121 31.825665
v -2.219573 12.574121 31.825665
v -2.219573 12.574121 31.825665
v -2.219573 12.574121 31.825665
v -1.077417 12.574121 18.770756
v -2.219573 11.308698 31.825665
v -2.219573 11.308698 31.825665
v -2.219573 11.308698 31.825665
v -2.219573 11.308698 31.825665
v -1.077417 11.308698 18.770756
v -1.077417 11.308698 18.770756
v -1.460153 14.699292 31.217512
v -1.460153 14.699292 31.217512
v -1.460153 14.699292 31.217512
v -1.460153 -0.051444 31.217512
v -1.460153 -0.051444 31.217512
v -1.087423 14.699292 31.043701
v -1.087423 14.699292 31.043701
v -1.087423 14.699292 31.043701
v -1.087423 14.699292 31.043701
v -1.087423 14.699292 31.043701
v -1.087423 -0.051444 31.043701
v -1.087423 -0.051444 31.043701
v -1.051579 14.699292 30.634007
v -1.051579 14.699292 30.634007
v -1.051579 14.699292 30.634007
v -1.051579 -0.051444 30.634007
v -1.051579 -0.051444 30.634007
v -1.388465 14.699292 30.398117
v -1.388465 14.699292 30.398117
v -1.388465 14.699292 30.398117
v -1.388465 14.699292 30.398117
v -1.388465 14.699292 30.398117
v -1.388465 -0.051444 30.398117
v -1.388465 -0.051444 30.398117
v -1.761197 14.699292 30.571924
v -1.761197 14.699292 30.571924
v -1.761197 14.699292 30.571924
v -1.761197 -0.051444 30.571924
v -1.761197 -0.051444 30.571924
v -1.797041 14.699292 30.981619
v -1.797041 14.699292 30.981619
v -1.797041 14.699292 30.981619
v -1.797041 14.699292 30.981619
v -1.797041 14.699292 30.981619
v -1.797041 -0.051444 30.981619
v -1.797041 -0.051444 30.981619
v 1.226701 11.180146 30.198790
v 1.226701 11.180146 30.198790
v 1.226701 11.180146 30.198790
v 1.226701 11.180146 30.198790
v -17.904539 11.180146 28.525026
v -17.904539 11.180146 28.525026
v -17.904539 11.180146 28.525026
v -17.904539 12.702670 28.525026
v -17.904539 12.702670 28.525026
v -17.904539 12.702670 28.525026
v -17.904539 12.702670 28.525026
v 1.226701 12.702670 30.198790
v 1.226701 12.702670 30.198790
v 1.226701 12.702670 30.198790
v -18.037235 12.702670 30.041761
v -18.037235 12.702670 30.041761
v -18.037235 12.702670 30.041761
v 1.094005 12.702670 31.715521
v 1.094005 12.702670 31.715521
v 1.094005 12.702670 31.715521
v 1.094005 12.702670 31.715521
v -18.037235 11.180146 30.041761
v -18.037235 11.180146 30.041761
v -18.037235 11.180146 30.041761
v -18.037235 11.180146 30.041761
v 1.094005 11.180146 31.715521
v 1.094005 11.180146 31.715521
v 1.094005 11.180146 31.715521
v -11.880105 7.443984 17.209280
v -11.880105 7.443984 17.209280
v -11.880105 3.140194 17.209280
v -11.880105 3.140194 17.209280
v -7.592693 7.443984 17.584379
v -7.592693 7.443984 17.584379
v -7.592693 3.140194 17.584379
v -7.592693 3.140194 17.584379
v -11.946537 3.140194 17.968609
v -11.946537 3.140194 17.968609
v -11.946537 3.140194 17.968609
v -11.946537 3.140194 17.968609
v -11.946537 3.140194 17.968609
v -7.659125 3.140194 18.343708
v -7.659125 3.140194 18.343708
v -7.659125 3.140194 18.343708
v -7.659125 3.140194 18.343708
v -7.659125 3.140194 18.343708
v -7.659125 3.140194 18.343708
v -7.659125 7.443984 18.343708
v -7.659125 7.443984 18.343708
v -7.659125 7.443984 18.343708
v -7.659125 7.443984 18.343708
v -11.946537 7.443984 17.968609
v -11.946537 7.443984 17.968609
v -11.946537 7.443984 17.968609
v -11.946537 7.443984 17.968609
v -11.946537 7.443984 17.968609
v -11.325391 3.763713 18.022951
v -11.325391 3.763713 18.022951
v -11.325391 3.763713 18.022951
v -11.325391 3.763713 18.022951
v -11.325391 3.763713 18.022951
v -8.280272 3.763713 18.289364
v -8.280272 3.763713 18.289364
v -8.280272 3.763713 18.289364
v -8.280272 3.763713 18.289364
v -8.280272 6.820464 18.289364
v -8.280272 6.820464 18.289364
v -8.280272 6.820464 18.289364
v -8.280272 6.820464 18.289364
v -8.280272 6.820464 18.289364
v -8.280272 6.820464 18.289364
v -11.325391 6.820464 18.022951
v -11.325391 6.820464 18.022951
v -11.325391 6.820464 18.022951
v -11.325391 6.820464 18.022951
v -11.325391 6.820464 18.022951
v -11.285721 3.763713 17.569515
v -11.285721 3.763713 17.569515
v -11.285721 3.763713 17.569515
v -8.240601 3.763713 17.835928
v -8.240601 3.763713 17.835928
v -8.240601 3.763713 17.835928
v -8.240601 3.763713 17.835928
v -8.240601 6.820464 17.835928
v -8.240601 6.820464 17.835928
v -8.240601 6.820464 17.835928
v -11.285721 6.820464 17.569515
v -11.285721 6.820464 17.569515
v -11.285721 6.820464 17.569515
v -11.285721 6.820464 17.569515
v 4.064201 7.443984 18.604219
v 4.064201 7.443984 18.604219
v 4.064201 3.140194 18.604219
v 4.064201 3.140194 18.604219
v 4.064201 3.140194 18.604219
v 8.351614 7.443984 18.979317
v 8.351614 7.443984 18.979317
v 8.351614 3.140194 18.979317
v 3.997769 3.140194 19.363548
v 3.997769 3.140194 19.363548
v 3.997769 3.140194 19.363548
v 3.997769 3.140194 19.363548
v 8.285181 3.140194 19.738646
v 8.285181 3.140194 19.738646
v 8.285181 3.140194 19.738646
v 8.285181 3.140194 19.738646
v 8.285181 3.140194 19.738646
v 8.285181 3.140194 19.738646
v 8.285181 3.140194 19.738646
v 8.285181 7.443984 19.738646
v 8.285181 7.443984 19.738646
v 8.285181 7.443984 19.738646
v 8.285181 7.443984 19.738646
v 8.285181 7.443984 19.738646
v 3.997769 7.443984 19.363548
v 3.997769 7.443984 19.363548
v 3.997769 7.443984 19.363548
v 3.997769 7.443984 19.363548
v 4.618915 3.763713 19.417891
v 4.618915 3.763713 19.417891
v 4.618915 3.763713 19.417891
v 4.618915 3.763713 19.417891
v 4.618915 3.763713 19.417891
v 7.664035 3.763713 19.684303
v 7.664035 3.763713 19.684303
v 7.664035 3.763713 19.684303
v 7.664035 3.763713 19.684303
v 7.664035 6.820464 19.684303
v 7.664035 6.820464 19.684303
v 7.664035 6.820464 19.684303
v 7.664035 6.820464 19.684303
v 7.664035 6.820464 19.684303
v 4.618915 6.820464 19.417891
v 4.618915 6.820464 19.417891
v 4.618915 6.820464 19.417891
v 4.618915 6.820464 19.417891
v 4.618915 6.820464 19.417891
v 4.618915 6.820464 19.417891
v 4.658586 3.763713 18.964455
v 4.658586 3.763713 18.964455
v 4.658586 3.763713 18.964455
v 7.703705 3.763713 19.230867
v 7.703705 3.763713 19.230867
v 7.703705 3.763713 19.230867
v 7.703705 3.763713 19.230867
v 7.703705 6.820464 19.230867
v 7.703705 6.820464 19.230867
v 7.703705 6.820464 19.230867
v 4.658586 6.820464 18.964455
v 4.658586 6.820464 18.964455
v 4.658586 6.820464 18.964455
v 4.658586 6.820464 18.964455
v 13.367446 8.339015 14.317054
v 13.367446 0.002018 14.317054
v 13.758557 8.339016 9.846607
v 13.758557 8.339016 9.846607
v 13.758557 8.339016 9.846607
v 14.649673 0.002018 9.924569
v 14.649673 0.002018 9.924569
v 14.649673 0.002018 9.924569
v 14.649673 8.339016 9.924569
v 14.649673 8.339016 9.924569
v 14.649673 8.339016 9.924569
v 14.258562 8.339015 14.395016
v 14.258562 8.339015 14.395016
v 14.258562 8.339015 14.395016
v 14.258562 8.339015 14.395016
v 14.258562 8.339015 14.395016
v 14.258562 8.339015 14.395016
v 14.258562 0.002018 14.395016
v 14.258562 0.002018 14.395016
v 14.587331 0.002018 10.637164
v 14.587331 7.627649 10.637164
v 14.587331 7.627649 10.637164
v 14.587331 7.627649 10.637164
v 14.587331 7.627649 10.637164
v 14.587331 7.627649 10.637164
v 14.587331 7.627649 10.637164
v 14.320906 7.627649 13.682420
v 14.320906 7.627649 13.682420
v 14.320906 7.627649 13.682420
v 14.320906 7.627649 13.682420
v 14.320906 7.627649 13.682420
v 14.320906 0.002018 13.682420
v 14.320906 0.002018 13.682420
v 13.941224 0.002018 13.649201
v 14.207649 0.002018 10.603946
v 14.207649 0.002018 10.603946
v 14.207649 0.002018 10.603946
v 14.207649 7.627649 10.603946
v 14.207649 7.627649 10.603946
v 14.207649 7.627649 10.603946
v 13.941224 7.627649 13.649201
v 13.941224 7.627649 13.649201
v 13.941224 7.627649 13.649201
v 13.941224 7.627649 13.649201
v 15.251987 8.339016 -7.223441
v 15.251987 0.002019 -7.223441
v 15.643098 8.339017 -11.693888
v 15.643098 8.339017 -11.693888
v 15.643098 8.339017 -11.693888
v 16.534214 0.002019 -11.615927
v 16.534214 0.002019 -11.615927
v 16.534214 0.002019 -11.615927
v 16.534214 8.339017 -11.615927
v 16.534214 8.339017 -11.615927
v 16.534214 8.339017 -11.615927
v 16.143103 8.339016 -7.145479
v 16.143103 8.339016 -7.145479
v 16.143103 8.339016 -7.145479
v 16.143103 8.339016 -7.145479
v 16.143103 8.339016 -7.145479
v 16.143103 8.339016 -7.145479
v 16.143103 0.002019 -7.145480
v 16.143103 0.002019 -7.145480
v 16.471870 0.002019 -10.903332
v 16.471870 7.627650 -10.903332
v 16.471870 7.627650 -10.903332
v 16.471870 7.627650 -10.903332
v 16.471870 7.627650 -10.903332
v 16.471870 7.627650 -10.903332
v 16.471870 7.627650 -10.903332
v 16.205446 7.627650 -7.858075
v 16.205446 7.627650 -7.858075
v 16.205446 7.627650 -7.858075
v 16.205446 7.627650 -7.858075
v 16.205446 7.627650 -7.858075
v 16.205446 0.002019 -7.858076
v 16.205446 0.002019 -7.858076
v 15.825765 0.002019 -7.891294
v 16.092190 0.002019 -10.936549
v 16.092190 0.002019 -10.936549
v 16.092190 0.002019 -10.936549
v 16.092190 7.627650 -10.936549
v 16.092190 7.627650 -10.936549
v 16.092190 7.627650 -10.936549
v 15.825765 7.627650 -7.891293
v 15.825765 7.627650 -7.891293
v 15.825765 7.627650 -7.891293
v 15.825765 7.627650 -7.891293
v -35.926189 7.443985 -3.113089
v -35.926189 7.443985 -3.113089
v -35.926189 3.140195 -3.113089
v -35.926189 3.140195 -3.113089
v -36.301289 7.443985 1.174322
v -36.301289 7.443985 1.174322
v -36.301289 3.140195 1.174322
v -36.301289 3.140195 1.174322
v -36.685516 3.140195 -3.179521
v -36.685516 3.140195 -3.179521
v -36.685516 3.140195 -3.179521
v -36.685516 3.140195 -3.179521
v -36.685516 3.140195 -3.179521
v -37.060616 3.140195 1.107890
v -37.060616 3.140195 1.107890
v -37.060616 3.140195 1.107890
v -37.060616 3.140195 1.107890
v -37.060616 3.140195 1.107890
v -37.060616 3.140195 1.107890
v -37.060616 7.443985 1.107891
v -37.060616 7.443985 1.107891
v -37.060616 7.443985 1.107891
v -37.060616 7.443985 1.107891
v -36.685516 7.443985 -3.179521
v -36.685516 7.443985 -3.179521
v -36.685516 7.443985 -3.179521
v -36.685516 7.443985 -3.179521
v -36.685516 7.443985 -3.179521
v -36.739857 3.763714 -2.558375
v -36.739857 3.763714 -2.558375
v -36.739857 3.763714 -2.558375
v -36.739857 3.763714 -2.558375
v -36.739857 3.763714 -2.558375
v -37.006271 3.763714 0.486744
v -37.006271 3.763714 0.486744
v -37.006271 3.763714 0.486744
v -37.006271 3.763714 0.486744
v -37.006271 6.820465 0.486744
v -37.006271 6.820465 0.486744
v -37.006271 6.820465 0.486744
v -37.006271 6.820465 0.486744
v -37.006271 6.820465 0.486744
v -37.006271 6.820465 0.486744
v -36.739857 6.820465 -2.558375
v -36.739857 6.820465 -2.558375
v -36.739857 6.820465 -2.558375
v -36.739857 6.820465 -2.558375
v -36.739857 6.820465 -2.558375
v -36.286423 3.763714 -2.518705
v -36.286423 3.763714 -2.518705
v -36.286423 3.763714 -2.518705
v -36.552837 3.763714 0.526414
v -36.552837 3.763714 0.526414
v -36.552837 3.763714 0.526414
v -36.552837 3.763714 0.526414
v -36.552837 6.820465 0.526414
v -36.552837 6.820465 0.526414
v -36.552837 6.820465 0.526414
v -36.286423 6.820465 -2.518705
v -36.286423 6.820465 -2.518705
v -36.286423 6.820465 -2.518705
v -36.286423 6.820465 -2.518705
v -34.921955 7.443985 -14.591547
v -34.921955 7.443985 -14.591547
v -34.921955 3.140196 -14.591547
v -34.921955 3.140196 -14.591547
v -35.297054 7.443985 -10.304136
v -35.297054 7.443985 -10.304136
v -35.297054 3.140195 -10.304136
v -35.297054 3.140195 -10.304136
v -35.681282 3.140196 -14.657980
v -35.681282 3.140196 -14.657980
v -35.681282 3.140196 -14.657980
v -35.681282 3.140196 -14.657980
v -35.681282 3.140196 -14.657980
v -36.056381 3.140195 -10.370568
v -36.056381 3.140195 -10.370568
v -36.056381 3.140195 -10.370568
v -36.056381 3.140195 -10.370568
v -36.056381 3.140195 -10.370568
v -36.056381 3.140195 -10.370568
v -36.056381 7.443985 -10.370568
v -36.056381 7.443985 -10.370568
v -36.056381 7.443985 -10.370568
v -36.056381 7.443985 -10.370568
v -35.681282 7.443985 -14.657980
v -35.681282 7.443985 -14.657980
v -35.681282 7.443985 -14.657980
v -35.681282 7.443985 -14.657980
v -35.681282 7.443985 -14.657980
v -35.735626 3.763715 -14.036834
v -35.735626 3.763715 -14.036834
v -35.735626 3.763715 -14.036834
v -35.735626 3.763715 -14.036834
v -35.735626 3.763715 -14.036834
v -36.002037 3.763714 -10.991714
v -36.002037 3.763714 -10.991714
v -36.002037 3.763714 -10.991714
v -36.002037 3.763714 -10.991714
v -36.002037 6.820466 -10.991714
v -36.002037 6.820466 -10.991714
v -36.002037 6.820466 -10.991714
v -36.002037 6.820466 -10.991714
v -36.002037 6.820466 -10.991714
v -36.002037 6.820466 -10.991714
v -35.735626 6.820466 -14.036834
v -35.735626 6.820466 -14.036834
v -35.735626 6.820466 -14.036834
v -35.735626 6.820466 -14.036834
v -35.735626 6.820466 -14.036834
v -35.282192 3.763715 -13.997164
v -35.282192 3.763715 -13.997164
v -35.282192 3.763715 -13.997164
v -35.548603 3.763714 -10.952044
v -35.548603 3.763714 -10.952044
v -35.548603 3.763714 -10.952044
v -35.548603 3.763714 -10.952044
v -35.548603 6.820466 -10.952044
v -35.548603 6.820466 -10.952044
v -35.548603 6.820466 -10.952044
v -35.282192 6.820466 -13.997164
v -35.282192 6.820466 -13.997164
v -35.282192 6.820466 -13.997164
v -35.282192 6.820466 -13.997164
vt 0.486417 0.554873
vt 0.142449 0.413263
vt 0.486417 0.413263
vt 0.004719 0.413262
vt 0.142449 0.554873
vt 0.004719 0.680931
vt 0.624148 0.413262
vt 0.624148 0.680931
vt 0.513068 0.695084
vt 0.008009 0.989889
vt 0.008009 0.695084
vt 0.489162 0.401536
vt 0.399524 0.350529
vt 0.489162 0.350529
vt 0.513068 0.686888
vt 0.955803 0.566559
vt 0.968915 0.978839
vt 0.955803 0.978839
vt 0.968915 0.566559
vt 0.982028 0.978839
vt 0.982028 0.566558
vt 0.995141 0.978839
vt 0.942690 0.566559
vt 0.942690 0.978839
vt 0.968914 0.991952
vt 0.982026 0.553444
vt 0.513068 0.989889
vt 0.399524 0.401536
vt 0.912125 0.979660
vt 0.925385 0.632938
vt 0.925385 0.979660
vt 0.898864 0.979661
vt 0.912124 0.632939
vt 0.885603 0.979661
vt 0.898864 0.632939
vt 0.938646 0.632938
vt 0.938646 0.979660
vt 0.912126 0.992922
vt 0.898863 0.619678
vt 0.839811 0.981837
vt 0.853458 0.730128
vt 0.853458 0.981804
vt 0.826266 0.969397
vt 0.839811 0.730128
vt 0.867208 0.969277
vt 0.880855 0.730128
vt 0.880855 0.969277
vt 0.867208 0.730128
vt 0.853458 0.716499
vt 0.839811 0.716499
vt 0.853206 0.596480
vt 0.866720 0.713831
vt 0.853206 0.713832
vt 0.866720 0.596480
vt 0.880236 0.713831
vt 0.826176 0.584032
vt 0.839691 0.713832
vt 0.826176 0.713832
vt 0.839691 0.584032
vt 0.809711 0.971243
vt 0.801832 0.703466
vt 0.809711 0.703466
vt 0.801832 0.971243
vt 0.789305 0.703466
vt 0.789305 0.971243
vt 0.781426 0.703466
vt 0.822239 0.971243
vt 0.822239 0.703466
vt 0.801833 0.695587
vt 0.789306 0.979123
vt 0.761721 0.471195
vt 0.694061 0.637799
vt 0.694062 0.471195
vt 0.814376 0.655011
vt 0.777915 0.471195
vt 0.814377 0.471195
vt 0.677867 0.690947
vt 0.777914 0.655011
vt 0.777914 0.690947
vt 0.641406 0.471194
vt 0.677867 0.655010
vt 0.641405 0.655010
vt 0.765738 0.641381
vt 0.765739 0.471195
vt 0.690043 0.641381
vt 0.677868 0.471195
vt 0.761720 0.637799
vt 0.690044 0.471195
vt 0.607782 0.986802
vt 0.567701 0.971955
vt 0.607781 0.971955
vt 0.557878 0.959633
vt 0.530950 0.944943
vt 0.607780 0.959633
vt 0.530950 0.895827
vt 0.607775 0.944943
vt 0.530950 0.884846
vt 0.607775 0.895827
vt 0.530950 0.699341
vt 0.607775 0.884846
vt 0.647864 0.971955
vt 0.657684 0.959633
vt 0.684601 0.944943
vt 0.684601 0.895827
vt 0.607775 0.699341
vt 0.684601 0.884846
vt 0.351742 0.149282
vt 0.007565 0.007581
vt 0.351743 0.007586
vt 0.381564 0.186101
vt 0.008210 0.404029
vt 0.008210 0.186101
vt 0.400550 0.344371
vt 0.489608 0.293694
vt 0.489608 0.344371
vt 0.381564 0.180042
vt 0.489557 0.007586
vt 0.489557 0.275419
vt 0.528602 0.145629
vt 0.540480 0.366223
vt 0.528605 0.366230
vt 0.555911 0.159734
vt 0.555917 0.366223
vt 0.501289 0.366232
vt 0.513164 0.159742
vt 0.513165 0.366231
vt 0.540495 0.381657
vt 0.528237 0.126046
vt 0.514607 0.007695
vt 0.528237 0.007695
vt 0.514607 0.126045
vt 0.500977 0.007694
vt 0.555497 0.138602
vt 0.541867 0.007696
vt 0.555498 0.007696
vt 0.381564 0.404029
vt 0.540476 0.145626
vt 0.501289 0.159743
vt 0.528621 0.381668
vt 0.541867 0.138601
vt 0.559648 0.006584
vt 0.573622 0.390606
vt 0.559648 0.390606
vt 0.573622 0.006584
vt 0.595841 0.390606
vt 0.595841 0.006584
vt 0.609813 0.390606
vt 0.609813 0.006584
vt 0.632031 0.390606
vt 0.573622 0.404581
vt 0.655319 0.466761
vt 0.900148 0.408039
vt 0.900148 0.466761
vt 0.655319 0.408039
vt 0.900148 0.368979
vt 0.655319 0.368979
vt 0.900148 0.333921
vt 0.655319 0.329397
vt 0.900148 0.329398
vt 0.900148 0.321964
vt 0.655319 0.321964
vt 0.900148 0.300246
vt 0.935491 0.241867
vt 0.939487 0.519542
vt 0.935491 0.519542
vt 0.939487 0.241867
vt 0.943482 0.519542
vt 0.943482 0.241867
vt 0.947478 0.519542
vt 0.947478 0.241867
vt 0.951474 0.519542
vt 0.927499 0.241867
vt 0.931495 0.519542
vt 0.927499 0.519542
vt 0.931495 0.241867
vt 0.928804 0.530315
vt 0.934536 0.520387
vt 0.945999 0.520387
vt 0.927540 0.230578
vt 0.933237 0.220711
vt 0.950329 0.230578
vt 0.994520 0.495442
vt 0.988446 0.343667
vt 0.994520 0.343667
vt 0.988446 0.495442
vt 0.982114 0.343667
vt 0.982114 0.495442
vt 0.975741 0.343667
vt 0.975741 0.495442
vt 0.969385 0.343667
vt 0.969385 0.495442
vt 0.963099 0.343667
vt 0.963099 0.495442
vt 0.957104 0.343667
vt 0.991893 0.328047
vt 0.983709 0.342223
vt 0.967341 0.342223
vt 0.994520 0.498933
vt 0.988446 0.498933
vt 0.982114 0.498933
vt 0.975741 0.498933
vt 0.969385 0.498933
vt 0.963099 0.498933
vt 0.957104 0.498933
vt 0.957104 0.495442
vt 0.988446 0.531842
vt 0.982114 0.531842
vt 0.975741 0.531842
vt 0.969385 0.531842
vt 0.963099 0.531842
vt 0.957104 0.531842
vt 0.967341 0.313872
vt 0.955840 0.045919
vt 0.872798 0.128961
vt 0.872798 0.045919
vt 0.976110 0.003641
vt 0.852527 0.025648
vt 0.852527 0.003641
vt 0.998117 0.149231
vt 0.976110 0.025648
vt 0.998117 0.025648
vt 0.976110 0.171239
vt 0.852527 0.149231
vt 0.976110 0.149231
vt 0.830520 0.025648
vt 0.830520 0.149231
vt 0.868703 0.041823
vt 0.959935 0.133056
vt 0.959935 0.041823
vt 0.868703 0.133056
vt 0.955840 0.128961
vt 0.826305 0.161141
vt 0.641178 0.179176
vt 0.641178 0.161141
vt 0.826305 0.179176
vt 0.641178 0.197052
vt 0.826305 0.197052
vt 0.641178 0.214769
vt 0.641178 0.143265
vt 0.844142 0.197052
vt 0.661971 0.125535
vt 0.805768 0.121525
vt 0.805768 0.125535
vt 0.661971 0.121525
vt 0.805768 0.117516
vt 0.661971 0.117516
vt 0.805768 0.113507
vt 0.661971 0.137564
vt 0.805768 0.133554
vt 0.805768 0.137564
vt 0.661971 0.133554
vt 0.805768 0.129544
vt 0.661971 0.129544
vt 0.640915 0.131253
vt 0.640915 0.119746
vt 0.650880 0.113992
vt 0.826305 0.143265
vt 0.660845 0.131253
vt 0.889659 0.218546
vt 0.659384 0.236803
vt 0.659384 0.218546
vt 0.889659 0.236803
vt 0.659384 0.255059
vt 0.889659 0.255059
vt 0.659384 0.273314
vt 0.889659 0.273314
vt 0.659384 0.291570
vt 0.641042 0.236803
vt 0.907829 0.255059
vt 0.852527 0.171239
vt 0.008009 0.686888
vt 0.995141 0.566559
vt 0.982027 0.991953
vt 0.968913 0.553447
vt 0.885603 0.632940
vt 0.898864 0.992922
vt 0.912124 0.619678
vt 0.826266 0.730128
vt 0.880236 0.584031
vt 0.781426 0.971243
vt 0.789305 0.695586
vt 0.801834 0.979121
vt 0.684601 0.699341
vt 0.007563 0.149278
vt 0.400550 0.293694
vt 0.008210 0.180042
vt 0.500977 0.138600
vt 0.632031 0.006584
vt 0.595841 0.404581
vt 0.655319 0.333921
vt 0.655319 0.300246
vt 0.951474 0.241867
vt 0.951731 0.530315
vt 0.945999 0.540242
vt 0.934536 0.540242
vt 0.944632 0.220711
vt 0.944632 0.240447
vt 0.933237 0.240447
vt 0.959157 0.328047
vt 0.983709 0.313872
vt 0.994520 0.531842
vt 0.826305 0.214769
vt 0.844142 0.179176
vt 0.661971 0.113507
vt 0.660845 0.119746
vt 0.650880 0.137006
vt 0.889659 0.291570
vt 0.641042 0.255059
vt 0.907829 0.236803
f 461/1 454/2 456/3
f 469/4 457/5 459/6
f 462/1 465/7 466/8
s 0
f 471/9 474/10 476/11
f 484/12 481/13 483/14
s 1
f 7/11 482/15 6/9
f 490/16 498/17 486/18
f 494/19 504/20 497/17
f 501/21 512/22 503/20
f 508/23 487/18 511/24
f 505/20 488/25 499/17
f 495/19 507/26 500/21
f 521/2 514/1 517/3
f 468/4 519/5 520/2
f 5/7 516/1 26/8
s 0
f 524/11 473/27 522/9
f 529/14 479/28 485/12
s 1
f 527/15 29/11 27/9
f 542/17 530/16 533/18
f 548/20 538/19 541/17
f 556/22 545/21 547/20
f 534/18 552/23 555/24
f 535/25 549/20 36/17
f 551/26 539/19 544/21
f 570/29 558/30 561/31
f 576/32 566/33 569/29
f 584/34 573/35 575/32
f 562/31 580/36 583/37
f 563/38 577/32 42/29
f 579/39 567/33 572/35
f 610/40 598/41 602/42
f 587/43 606/44 609/40
f 591/45 615/46 586/47
f 592/45 600/41 618/48
f 617/49 607/44 614/50
f 625/41 612/40 603/42
f 620/44 589/43 611/40
f 628/46 595/45 588/47
f 594/45 627/41 604/42
f 622/44 632/49 629/50
f 644/51 641/52 61/53
f 66/54 639/55 640/52
f 68/56 636/57 638/58
f 635/57 65/51 634/53
f 657/52 662/51 69/53
f 655/55 74/54 656/52
f 651/57 76/56 654/58
f 652/57 661/51 75/59
f 673/52 678/51 77/53
f 671/55 82/54 672/52
f 667/57 84/56 670/58
f 668/57 677/51 83/59
f 692/51 689/52 85/53
f 90/54 687/55 688/52
f 92/56 684/57 686/58
f 683/57 89/51 682/53
f 713/41 722/40 710/42
f 718/44 706/43 721/40
f 727/46 698/45 705/47
f 701/45 716/41 712/42
f 719/44 729/49 726/50
f 724/40 737/41 711/42
f 708/43 732/44 723/40
f 702/45 740/46 707/47
f 700/45 738/41 743/48
f 744/49 734/44 741/50
f 750/30 758/29 746/31
f 754/33 764/32 757/29
f 761/35 772/34 763/32
f 768/36 747/31 771/37
f 765/32 748/38 759/29
f 755/33 767/39 760/35
f 778/60 786/61 774/62
f 782/63 792/64 785/61
f 789/65 800/66 791/64
f 796/67 775/62 799/68
f 793/64 776/69 787/61
f 783/63 795/70 788/65
f 836/71 843/72 835/73
f 806/74 808/75 122/76
f 803/77 812/78 805/79
f 804/80 817/81 802/82
s 0
f 809/75 822/83 821/84
f 813/78 827/85 823/83
f 819/86 829/85 816/81
f 825/83 838/71 130/84
f 830/85 840/87 824/83
f 833/88 844/72 828/85
f 854/89 846/90 850/91
f 858/92 853/91 848/90
f 867/93 861/94 857/92
f 877/95 871/96 866/93
f 887/97 881/98 876/95
f 897/99 891/100 886/97
f 855/89 852/91 901/101
f 862/94 904/101 851/91
f 872/96 906/102 863/94
f 882/98 911/103 873/96
f 892/100 916/104 883/98
f 900/105 921/106 893/100
f 856/89 927/91 847/90
f 849/90 930/94 859/92
f 933/94 869/93 152/92
f 936/96 879/95 868/93
f 941/98 889/97 878/95
f 946/100 137/99 888/97
f 149/89 903/101 929/91
f 905/101 931/94 928/91
f 909/102 937/96 932/94
f 914/103 942/98 938/96
f 919/104 947/100 943/98
f 924/106 952/105 948/100
s 1
f 956/107 953/108 954/109
s 0
f 963/110 967/111 968/112
f 971/113 976/114 977/115
s 1
f 167/112 974/116 166/110
f 957/107 960/117 961/118
f 982/119 991/120 978/121
f 992/120 995/122 999/123
f 1000/124 1003/125 1010/126
f 1007/125 979/121 1011/126
f 1001/127 980/121 993/120
f 1022/128 1019/129 178/130
f 183/131 1017/132 1018/129
f 185/133 1014/134 1016/135
f 1013/134 182/128 1012/130
f 189/108 1028/107 1031/109
s 0
f 1035/112 965/136 1033/110
f 1040/114 193/113 192/115
s 1
f 1038/116 191/112 190/110
f 197/117 1030/107 196/118
f 1041/121 986/137 983/119
f 1045/120 994/122 988/137
f 1049/124 1005/125 996/138
f 1043/121 1006/125 1052/126
f 1047/120 1053/139 1050/127
f 1062/129 1055/128 1058/130
f 1066/132 1060/131 1061/129
f 1069/134 1064/133 1065/135
f 1068/134 1057/128 210/140
f 1075/141 1080/142 1071/143
f 1078/144 1085/145 1079/142
f 1083/146 1091/147 1084/145
f 1089/148 1072/149 1090/147
f 1086/145 1073/150 1081/142
f 227/151 1093/152 220/153
f 1095/154 1098/155 1094/152
f 1100/156 1102/157 1099/155
f 1104/157 1107/158 1106/159
f 231/158 1110/160 224/159
f 1112/161 1114/162 1111/160
f 1119/163 1129/164 1115/165
f 1123/166 1136/167 1128/164
f 1133/168 1144/169 1135/167
f 1140/170 1151/171 1143/169
f 1147/172 1161/173 1150/174
f 1157/175 1116/165 1160/173
f 1152/176 1162/177 1117/178
f 1146/179 1141/180 1125/181
f 1167/182 1177/183 1163/184
f 1172/185 1187/186 1176/183
f 1181/187 1196/188 1186/186
f 1191/189 1203/190 1195/188
f 1199/191 1215/192 1202/190
f 1209/193 1164/194 1214/192
f 1204/195 1216/196 1165/197
f 1174/185 1218/198 1223/199
f 1183/187 1224/199 1228/200
f 1182/187 1232/201 1190/189
f 1192/189 1237/202 1198/191
f 1211/193 1239/202 1243/203
f 1210/193 1217/204 1169/205
f 1220/198 1249/206 1225/199
f 1226/199 1251/207 1230/200
f 1229/200 1253/208 1233/201
f 1234/201 1255/209 1238/202
f 1240/202 1257/210 1245/203
f 1244/203 1247/211 1219/204
f 1276/183 1259/182 1265/184
f 1284/186 1271/185 1275/183
f 1294/188 1279/187 1283/186
f 1301/190 1289/189 1293/188
f 1300/190 1306/193 1297/191
f 1266/194 1307/193 1311/192
f 1267/197 1303/195 1285/212
f 1318/199 1260/182 1270/185
f 1323/200 1272/185 1278/187
f 1328/201 1280/187 1288/189
f 1333/202 1290/189 1296/191
f 1338/203 1298/191 1309/193
f 1261/205 1341/203 1308/193
f 1344/206 1314/198 1319/199
f 1346/207 1320/199 1324/200
f 1348/208 1325/200 1329/201
f 1350/209 1330/201 1334/202
f 1352/210 1335/202 1339/203
f 1315/204 293/210 1340/203
f 1406/213 1414/214 1403/215
f 1362/216 1365/217 1357/218
f 1359/219 1370/220 1361/221
f 1360/222 1377/223 1375/224
f 1356/225 1379/223 1355/226
s 0
f 1368/220 1385/227 1363/217
f 1371/220 1392/228 1389/229
f 1380/223 1394/228 1376/224
f 1364/217 1400/230 1378/223
f 1388/229 1404/215 1383/227
f 1395/228 1408/213 1390/229
f 1398/230 1411/231 1393/228
f 1384/227 1415/214 1399/230
s 1
f 1418/232 1427/233 1417/234
f 1423/235 1432/236 1426/233
f 1429/237 1437/238 1431/236
f 1438/239 1421/232 310/234
f 1424/235 1433/240 1428/237
f 1441/241 1450/242 1439/243
f 1446/244 1455/245 1449/242
f 1452/246 1463/247 1454/245
f 1457/248 1468/249 1462/250
f 1465/251 1474/252 1467/249
f 1470/253 1440/243 1473/252
f 1469/254 1464/255 1458/256
f 1484/233 1475/232 1478/234
f 1483/233 1486/237 1481/235
f 1496/238 1487/237 1490/236
f 1479/234 1492/257 1495/239
f 1491/240 1482/235 1488/237
f 1508/242 1497/241 1500/243
f 1513/245 1503/244 1507/242
f 1520/247 1510/246 1512/245
f 1525/249 1515/248 1519/250
f 1532/252 1522/251 1524/249
f 1501/243 1527/253 1531/252
f 1517/256 1529/254 1505/258
f 1537/259 1545/260 1533/261
f 1541/262 1551/263 1544/260
f 1548/264 1559/265 1550/263
f 1555/266 1534/267 1558/265
f 1552/263 1535/268 1546/260
f 1542/262 1554/269 1547/264
f 1612/213 1620/214 1609/215
f 1568/216 1571/217 1564/218
f 1566/219 1576/220 1567/221
f 1562/270 1582/224 1565/222
f 1563/225 1586/223 1561/226
s 0
f 1574/220 1591/227 1569/217
f 1577/220 1598/228 1595/229
f 1584/223 1600/228 1581/224
f 1570/217 1606/230 1585/223
f 1594/229 1610/215 1589/227
f 1601/228 1614/213 1596/229
f 1604/230 1617/231 1599/228
f 1590/227 1621/214 1605/230
s 1
f 1674/213 1682/214 1671/215
f 1627/218 1635/220 1631/217
f 1629/219 1637/220 1630/221
f 1624/270 1644/224 1628/222
f 1625/225 1649/223 1623/226
s 0
f 1639/220 1653/227 1633/217
f 1638/220 1660/228 1657/229
f 1645/224 1665/230 1661/228
f 1632/217 1667/230 1648/223
f 1656/229 1672/215 1651/227
f 1663/228 1676/213 1658/229
f 1668/230 1679/231 1662/228
f 1652/227 1683/214 1666/230
s 1
f 1719/71 1726/72 1718/73
f 1688/74 1691/75 391/76
f 1689/79 1696/81 1694/78
f 1686/80 1698/81 1685/82
s 0
f 1692/75 1705/83 1704/84
f 1699/81 1707/83 1695/78
f 1702/86 1713/85 1697/81
f 1708/83 1721/71 399/84
f 1711/85 1723/87 1706/83
f 1716/88 1727/72 1712/85
s 1
f 1763/71 1770/72 1762/73
f 1732/74 1735/75 407/76
f 1733/79 1740/81 1738/78
f 1730/80 1742/81 1729/82
s 0
f 1736/75 1749/83 1748/84
f 1743/81 1751/83 1739/78
f 1746/86 1757/85 1741/81
f 1752/83 1765/71 415/84
f 1755/85 1767/87 1750/83
f 1760/88 1771/72 1756/85
s 1
f 1824/213 1832/214 1821/215
f 1780/216 1783/217 1776/218
f 1778/219 1788/220 1779/221
f 1774/270 1794/224 1777/222
f 1775/225 1798/223 1773/226
s 0
f 1786/220 1803/227 1781/217
f 1789/220 1810/228 1807/229
f 1796/223 1812/228 1793/224
f 1782/217 1818/230 1797/223
f 1806/229 1822/215 1801/227
f 1813/228 1826/213 1808/229
f 1816/230 1829/231 1811/228
f 1802/227 1833/214 1817/230
s 1
f 1886/213 1894/214 1883/215
f 1842/216 1845/217 1838/218
f 1840/219 1850/220 1841/221
f 1836/270 1856/224 1839/222
f 1837/225 1860/223 1835/226
s 0
f 1848/220 1865/227 1843/217
f 1851/220 1872/228 1869/229
f 1858/223 1874/228 1855/224
f 1844/217 1880/230 1859/223
f 1868/229 1884/215 1863/227
f 1875/228 1888/213 1870/229
f 1878/230 1891/231 1873/228
f 1864/227 1895/214 1879/230
s 1
f 460/1 458/5 455/2
f 467/4 1/2 2/5
f 4/1 3/3 463/7
s 0
f 470/9 472/27 475/10
f 11/12 478/28 480/13
s 1
f 477/11 10/271 9/15
f 491/16 493/19 13/17
f 17/19 502/21 14/20
f 18/21 19/272 15/22
f 509/23 492/16 489/18
f 506/20 513/273 12/25
f 496/19 16/274 510/26
f 23/2 518/5 515/1
f 24/4 25/6 22/5
f 464/7 20/3 21/1
s 0
f 523/11 8/10 28/27
f 528/14 526/13 30/28
s 1
f 31/15 32/271 525/11
f 543/17 537/19 531/16
f 38/20 546/21 35/19
f 40/22 39/272 37/21
f 536/18 532/16 553/23
f 33/25 557/273 550/20
f 554/26 34/274 540/19
f 571/29 565/33 559/30
f 43/32 574/35 46/33
f 44/34 48/275 47/35
f 564/31 560/30 581/36
f 41/38 585/276 578/32
f 582/39 45/277 568/33
f 613/40 605/44 599/41
f 590/43 616/278 608/44
f 596/45 619/48 52/46
f 49/45 54/42 601/41
f 53/49 50/41 51/44
f 624/41 621/44 55/40
f 623/44 630/278 58/43
f 59/46 631/48 593/45
f 597/45 633/48 626/41
f 56/44 57/41 60/49
f 642/51 645/54 62/52
f 646/54 647/279 64/55
f 648/56 649/59 637/57
f 63/57 67/59 643/51
f 70/52 658/54 660/51
f 72/55 663/279 659/54
f 71/57 665/59 664/56
f 650/57 653/53 73/51
f 78/52 674/54 676/51
f 80/55 679/279 675/54
f 79/57 681/59 680/56
f 666/57 669/53 81/51
f 690/51 693/54 86/52
f 694/54 695/279 88/55
f 696/56 697/59 685/57
f 87/57 91/59 691/51
f 714/41 717/44 725/40
f 720/44 96/278 709/43
f 728/46 730/48 699/45
f 703/45 731/48 715/41
f 95/44 94/41 97/49
f 99/40 733/44 736/41
f 102/43 103/278 735/44
f 704/45 745/48 742/46
f 93/45 98/42 739/41
f 104/49 101/41 100/44
f 751/30 753/33 106/29
f 110/33 762/35 107/32
f 111/35 112/275 108/34
f 769/36 752/30 749/31
f 766/32 773/276 105/38
f 756/33 109/277 770/39
f 779/60 781/63 114/61
f 118/63 790/65 115/64
f 119/65 120/280 116/66
f 797/67 780/60 777/62
f 794/64 801/281 113/69
f 784/63 117/282 798/70
f 837/71 839/87 842/72
f 124/74 810/78 807/75
f 123/77 815/81 811/78
f 121/80 820/86 818/81
s 0
f 126/75 814/78 826/83
f 128/78 127/81 831/85
f 125/86 834/88 832/85
f 131/83 841/87 134/71
f 132/85 845/72 135/87
f 129/88 133/73 136/72
f 860/92 864/94 138/91
f 870/93 874/96 865/94
f 880/95 884/98 875/96
f 890/97 894/100 885/98
f 896/99 899/105 895/100
f 139/94 907/102 902/101
f 140/96 912/103 908/102
f 141/98 917/104 913/103
f 142/100 922/106 918/104
f 143/105 926/283 923/106
f 150/90 151/91 934/94
f 935/94 939/96 154/93
f 940/96 944/98 156/95
f 945/98 949/100 158/97
f 950/100 951/105 898/99
f 144/101 910/102 153/94
f 145/102 915/103 155/96
f 146/103 920/104 157/98
f 147/104 925/106 159/100
f 148/106 161/283 160/105
s 1
f 955/107 163/284 162/108
s 0
f 962/110 964/136 966/111
f 970/113 973/285 975/114
s 1
f 969/112 171/286 170/116
f 165/107 164/109 958/117
f 985/119 987/137 990/120
f 173/120 989/137 997/122
f 174/124 998/138 1009/125
f 1004/125 984/119 981/121
f 1002/127 175/139 172/121
f 1020/128 1023/131 179/129
f 1024/131 1025/287 181/132
f 1026/133 1027/140 1015/134
f 180/134 184/140 1021/128
f 1032/108 188/284 1029/107
s 0
f 1034/112 168/111 169/136
f 1039/114 1037/285 972/113
s 1
f 194/116 195/286 1036/112
f 959/117 186/109 187/107
f 1042/121 1046/120 177/137
f 1048/120 1051/123 200/122
f 201/124 1054/126 202/125
f 1044/121 176/119 1008/125
f 199/120 198/121 203/139
f 207/129 1059/131 1056/128
f 209/132 1063/287 206/131
f 211/134 1067/140 208/133
f 1070/134 204/130 205/128
f 1076/141 1077/144 213/142
f 217/144 1082/146 214/145
f 218/146 1088/148 215/147
f 219/148 216/288 1074/149
f 1087/145 1092/289 212/150
f 1097/151 1096/154 221/152
f 228/154 1101/156 222/155
f 229/156 1105/290 1103/157
f 223/157 230/290 1108/158
f 1109/158 1113/161 225/160
f 232/161 233/291 226/162
f 1120/163 1122/166 1131/164
f 1124/166 1132/168 1138/167
f 1134/168 1139/170 1145/169
f 243/170 244/292 238/171
f 1148/172 1156/175 239/173
f 1158/175 1121/163 1118/165
f 234/178 1130/293 1153/176
f 235/293 1137/294 1154/176
f 236/294 237/295 1155/176
f 1142/180 242/296 1127/181
f 1126/181 240/297 1159/298
f 245/298 1149/179 241/181
f 1168/182 1171/185 1179/183
f 1173/185 1180/187 1189/186
f 1185/187 1193/189 1197/188
f 1194/189 1201/191 250/190
f 1200/191 1208/193 251/192
f 1212/193 1170/205 1166/194
f 246/197 1178/299 1205/195
f 247/299 1188/212 1206/195
f 248/212 249/300 1207/195
f 1175/185 252/182 1221/198
f 1184/187 253/185 1227/199
f 254/187 1231/200 1235/201
f 255/189 1236/201 1241/202
f 1213/193 256/191 1242/202
f 257/193 1246/203 1222/204
f 258/198 1248/301 1250/206
f 259/199 265/206 1252/207
f 260/200 266/207 1254/208
f 261/201 267/208 1256/209
f 262/202 268/209 1258/210
f 263/203 269/210 264/211
f 1277/183 1273/185 1264/182
f 1287/186 1281/187 1274/185
f 1295/188 1291/189 1282/187
f 274/190 1299/191 1292/189
f 1302/190 1312/192 281/193
f 1268/194 1263/205 1310/193
f 1286/212 271/299 1269/197
f 270/197 275/196 1304/195
f 1305/195 273/300 272/212
f 1321/199 1313/198 1262/182
f 1326/200 1322/199 277/185
f 1331/201 1327/200 278/187
f 1336/202 1332/201 279/189
f 287/203 1337/202 280/191
f 276/205 1317/204 1342/203
f 1345/206 1343/301 1316/198
f 1347/207 289/206 283/199
f 1349/208 290/207 284/200
f 1351/209 291/208 285/201
f 1353/210 292/209 286/202
f 282/204 288/211 1354/210
f 1407/213 1410/231 1413/214
f 295/216 1372/220 1367/217
f 297/219 1374/224 1369/220
f 1358/222 296/270 1381/223
f 294/225 1366/217 1382/223
s 0
f 299/220 1391/229 1387/227
f 1373/220 301/224 1396/228
f 300/223 1402/230 1397/228
f 298/217 1386/227 1401/230
f 303/229 1409/213 306/215
f 304/228 1412/231 307/213
f 305/230 309/214 308/231
f 302/227 1405/215 1416/214
s 1
f 1419/232 1422/235 311/233
f 315/235 1430/237 312/236
f 316/237 1434/302 1436/238
f 313/239 1435/257 1420/232
f 1425/235 314/303 317/240
f 1442/241 1445/244 319/242
f 1447/244 1451/246 320/245
f 1453/246 1456/304 321/247
f 327/248 1466/251 322/249
f 328/251 329/253 323/252
f 1471/253 1443/241 318/243
f 1459/256 326/305 1448/258
f 325/258 1444/306 1460/256
f 324/306 1472/254 1461/256
f 331/233 1480/235 1476/232
f 1485/233 332/236 1489/237
f 333/238 337/302 336/237
f 330/234 1477/232 1493/257
f 1494/240 334/303 335/235
f 339/242 1502/244 1498/241
f 340/245 1509/246 1504/244
f 341/247 1514/304 1511/246
f 342/249 1521/251 1516/248
f 343/252 1526/253 1523/251
f 338/243 1499/241 1528/253
f 345/258 346/305 1518/256
f 347/256 348/255 349/254
f 1530/254 344/306 1506/258
f 1538/259 1540/262 351/260
f 355/262 1549/264 352/263
f 356/264 357/266 353/265
f 1556/266 1539/307 1536/267
f 1553/263 1560/308 350/268
f 1543/262 354/309 1557/269
f 1613/213 1616/231 1619/214
f 359/216 1578/220 1573/217
f 361/219 1580/224 1575/220
f 360/270 1587/223 1583/224
f 358/225 1572/217 1588/223
s 0
f 363/220 1597/229 1593/227
f 1579/220 365/224 1602/228
f 364/223 1608/230 1603/228
f 362/217 1592/227 1607/230
f 367/229 1615/213 370/215
f 368/228 1618/231 371/213
f 369/230 373/214 372/231
f 366/227 1611/215 1622/214
s 1
f 1675/213 1678/231 1681/214
f 1626/218 375/216 1640/220
f 377/219 1642/224 1636/220
f 376/270 1647/223 1643/224
f 374/225 1634/217 1650/223
s 0
f 379/220 1659/229 1655/227
f 1641/220 1646/224 1664/228
f 381/224 380/223 1670/230
f 378/217 1654/227 1669/230
f 383/229 1677/213 386/215
f 384/228 1680/231 387/213
f 385/230 389/214 388/231
f 382/227 1673/215 1684/214
s 1
f 1720/71 1722/87 1725/72
f 393/74 1693/78 1690/75
f 1687/79 392/77 1700/81
f 390/80 1703/86 1701/81
s 0
f 395/75 397/78 1709/83
f 396/81 1714/85 1710/83
f 394/86 1717/88 1715/85
f 400/83 1724/87 403/71
f 401/85 1728/72 404/87
f 398/88 402/73 405/72
s 1
f 1764/71 1766/87 1769/72
f 409/74 1737/78 1734/75
f 1731/79 408/77 1744/81
f 406/80 1747/86 1745/81
s 0
f 411/75 413/78 1753/83
f 412/81 1758/85 1754/83
f 410/86 1761/88 1759/85
f 416/83 1768/87 419/71
f 417/85 1772/72 420/87
f 414/88 418/73 421/72
s 1
f 1825/213 1828/231 1831/214
f 423/216 1790/220 1785/217
f 425/219 1792/224 1787/220
f 424/270 1799/223 1795/224
f 422/225 1784/217 1800/223
s 0
f 427/220 1809/229 1805/227
f 1791/220 429/224 1814/228
f 428/223 1820/230 1815/228
f 426/217 1804/227 1819/230
f 431/229 1827/213 434/215
f 432/228 1830/231 435/213
f 433/230 437/214 436/231
f 430/227 1823/215 1834/214
s 1
f 1887/213 1890/231 1893/214
f 439/216 1852/220 1847/217
f 441/219 1854/224 1849/220
f 440/270 1861/223 1857/224
f 438/225 1846/217 1862/223
s 0
f 443/220 1871/229 1867/227
f 1853/220 445/224 1876/228
f 444/223 1882/230 1877/228
f 442/217 1866/227 1881/230
f 447/229 1889/213 450/215
f 448/228 1892/231 451/213
f 449/230 453/214 452/231
f 446/227 1885/215 1896/214
s