v 0.000000 415.734802 277.785126
v 0.000000 277.785126 415.734802
v 0.000000 97.545158 490.392639
v 0.000000 0.000000 500.000000
v -19.030117 490.392639 95.670860
v -37.328922 461.939758 187.665146
v -54.193192 415.734802 272.447571
v -68.974846 353.553375 346.759949
v -81.105835 277.785126 407.746552
v -90.119972 191.341721 453.063690
v -95.670860 97.545158 480.969849
v -97.545158 0.000000 490.392639
v -37.328915 490.392639 90.119972
v -73.223305 461.939758 176.776703
v -106.303764 415.734802 256.639954
v -135.299026 353.553375 326.640717
v -159.094818 277.785126 384.088806
v -176.776672 191.341721 426.776672
v -187.665131 97.545158 453.063690
v -191.341721 0.000000 461.939728
v -54.193184 490.392639 81.105827
v -106.303764 461.939758 159.094818
v -154.329132 415.734802 230.969849
v -196.423737 353.553375 293.968872
v -230.969849 277.785126 345.670776
v -256.639954 191.341721 384.088837
v -272.447571 97.545158 407.746552
v -277.785126 0.000000 415.734741
v -68.974838 490.392639 68.974831
v -135.299026 461.939758 135.299011
v -196.423721 415.734802 196.423691
v -250.000000 353.553375 250.000000
v -293.968842 277.785126 293.968842
v -326.640686 191.341721 326.640717
v -346.759949 97.545158 346.759918
v -353.553375 0.000000 353.553284
v -81.105827 490.392639 54.193176
v -159.094818 461.939758 106.303749
v -230.969864 415.734802 154.329102
v -293.968872 353.553375 196.423737
v -345.670807 277.785126 230.969818
v -384.088806 191.341721 256.639984
v -407.746552 97.545158 272.447510
v -415.734772 0.000000 277.785004
v 0.000000 500.000000 0.000000
v -90.119957 490.392639 37.328907
v -176.776672 461.939758 73.223289
v -256.639954 415.734802 106.303726
v -326.640717 353.553375 135.299026
v -384.088806 277.785126 159.094757
v -426.776642 191.341721 176.776703
v -453.063660 97.545158 187.665070
v -461.939697 0.000000 191.341614
v -95.670837 490.392639 19.030107
v -187.665115 461.939758 37.328907
v -272.447540 415.734802 54.193157
v -346.759949 353.553375 68.974854
v -407.746490 277.785126 81.105782
v -453.063660 191.341721 90.119995
v -480.969818 97.545158 95.670807
v -490.392548 0.000000 97.545067
v -97.545135 490.392639 -0.000006
v -191.341705 461.939758 -0.000011
v -277.785065 415.734802 -0.000026
v -353.553345 353.553375 0.000007
v -415.734711 277.785126 -0.000045
v -461.939728 191.341721 0.000022
v -490.392578 97.545158 -0.000045
v -499.999847 0.000000 -0.000082
v -95.670830 490.392639 -19.030117
v -187.665115 461.939758 -37.328926
v -272.447510 415.734802 -54.193203
v -346.759918 353.553375 -68.974831
v -407.746460 277.785126 -81.105865
v -453.063660 191.341721 -90.119949
v -480.969788 97.545158 -95.670883
v -490.392456 0.000000 -97.545212
v -90.119942 490.392639 -37.328911
v -176.776672 461.939758 -73.223305
v -256.639893 415.734802 -106.303764
v -326.640686 353.553375 -135.298996
v -384.088745 277.785126 -159.094818
v -426.776642 191.341721 -176.776642
v -453.063599 97.545158 -187.665146
v -461.939545 0.000000 -191.341721
v -81.105797 490.392639 -54.193169
v -159.094803 461.939758 -106.303757
v -230.969788 415.734802 -154.329117
v -293.968842 353.553375 -196.423706
v -345.670715 277.785126 -230.969849
v -384.088806 191.341721 -256.639923
v -407.746460 97.545158 -272.447540
v -415.734558 0.000000 -277.785095
v -68.974808 490.392639 -68.974815
v -135.298981 461.939758 -135.299011
v -196.423630 415.734802 -196.423706
v -249.999969 353.553375 -249.999969
v -293.968781 277.785126 -293.968842
v -326.640686 191.341721 -326.640656
v -346.759857 97.545158 -346.759918
v -353.553131 0.000000 -353.553314
v -54.193157 490.392639 -81.105797
v -106.303719 461.939758 -159.094818
v -154.329041 415.734802 -230.969833
v -196.423706 353.553375 -293.968842
v -230.969772 277.785126 -345.670746
v -256.639954 191.341721 -384.088776
v -272.447449 97.545158 -407.746490
v -277.784851 0.000000 -415.734680
v -37.328892 490.392639 -90.119926
v -73.223267 461.939758 -176.776657
v -106.303680 415.734802 -256.639893
v -135.298996 353.553375 -326.640686
v -159.094727 277.785126 -384.088745
v -176.776672 191.341721 -426.776581
v -187.665009 97.545158 -453.063599
v -191.341476 0.000000 -461.939575
v -19.030102 490.392639 -95.670799
v -37.328880 461.939758 -187.665085
v -54.193115 415.734802 -272.447449
v -68.974831 353.553375 -346.759918
v -81.105759 277.785126 -407.746429
v -90.119972 191.341721 -453.063599
v -95.670761 97.545158 -480.969727
v -97.544952 0.000000 -490.392395
v 0.000004 490.392639 -97.545097
v 0.000026 461.939758 -191.341675
v 0.000048 415.734802 -277.784973
v 0.000007 353.553375 -353.553314
v 0.000052 277.785126 -415.734650
v -0.000015 191.341721 -461.939636
v 0.000067 97.545158 -490.392487
v 0.000164 0.000000 -499.999664
v 19.030107 490.392639 -95.670792
v 37.328934 461.939758 -187.665085
v 54.193211 415.734802 -272.447418
v 68.974838 353.553375 -346.759888
v 81.105858 277.785126 -407.746399
v 90.119934 191.341721 -453.063568
v 95.670891 97.545158 -480.969696
v 97.545258 0.000000 -490.392273
v 37.328892 490.392639 -90.119911
v 73.223305 461.939758 -176.776642
v 106.303749 415.734802 -256.639801
v 135.298996 353.553375 -326.640656
v 159.094818 277.785126 -384.088684
v 176.776611 191.341721 -426.776550
v 187.665131 97.545158 -453.063507
v 191.341736 0.000000 -461.939362
v 54.193150 490.392639 -81.105774
v 106.303749 461.939758 -159.094772
v 154.329086 415.734802 -230.969696
v 196.423706 353.553375 -293.968842
v 230.969818 277.785126 -345.670685
v 256.639862 191.341721 -384.088745
v 272.447540 97.545158 -407.746368
v 277.785065 0.000000 -415.734375
v 68.974792 490.392639 -68.974785
v 135.298996 461.939758 -135.298965
v 196.423645 415.734802 -196.423553
v 249.999954 353.553375 -249.999939
v 293.968811 277.785126 -293.968719
v 326.640594 191.341721 -326.640625
v 346.759888 97.545158 -346.759766
v 353.553223 0.000000 -353.552979
v 81.105774 490.392639 -54.193138
v 159.094788 461.939758 -106.303703
v 230.969757 415.734802 -154.328979
v 293.968842 353.553375 -196.423676
v 345.670715 277.785126 -230.969711
v 384.088715 191.341721 -256.639893
v 407.746460 97.545158 -272.447357
v 415.734558 0.000000 -277.784698
v 90.119904 490.392639 -37.328876
v 176.776627 461.939758 -73.223259
v 256.639801 415.734802 -106.303619
v 326.640656 353.553375 -135.298981
v 384.088684 277.785126 -159.094666
v 426.776520 191.341721 -176.776627
v 453.063568 97.545158 -187.664948
v 461.939423 0.000000 -191.341339
v 95.670776 490.392639 -19.030090
v 187.665054 461.939758 -37.328876
v 272.447357 415.734802 -54.193077
v 346.759888 353.553375 -68.974815
v 407.746368 277.785126 -81.105713
v 453.063538 191.341721 -90.119942
v 480.969696 97.545158 -95.670692
v 490.392212 0.000000 -97.544846
v 97.545074 490.392639 0.000009
v 191.341629 461.939758 0.000026
v 277.784882 415.734802 0.000075
v 353.553284 353.553375 0.000015
v 415.734589 277.785126 0.000082
v 461.939575 191.341721 0.000007
v 490.392426 97.545158 0.000134
v 499.999512 0.000000 0.000224
v 95.670769 490.392639 19.030109
v 187.665039 461.939758 37.328926
v 272.447327 415.734802 54.193218
v 346.759857 353.553375 68.974846
v 407.746307 277.785126 81.105881
v 453.063507 191.341721 90.119949
v 480.969604 97.545158 95.670944
v 490.392120 0.000000 97.545288
v 90.119888 490.392639 37.328892
v 176.776596 461.939758 73.223289
v 256.639709 415.734802 106.303741
v 326.640625 353.553375 135.298996
v 384.088593 277.785126 159.094818
v 426.776489 191.341721 176.776611
v 453.063416 97.545158 187.665161
v 461.939209 0.000000 191.341736
v 81.105751 490.392639 54.193146
v 159.094727 461.939758 106.303726
v 230.969604 415.734802 154.329071
v 293.968811 353.553375 196.423691
v 345.670593 277.785126 230.969818
v 384.088684 191.341721 256.639862
v 407.746277 97.545158 272.447540
v 415.734222 0.000000 277.785034
v 68.974770 490.392639 68.974785
v 135.298935 461.939758 135.298965
v 196.423477 415.734802 196.423615
v 249.999908 353.553375 249.999939
v 293.968628 277.785126 293.968781
v 326.640564 191.341721 326.640564
v 346.759674 97.545158 346.759857
v 353.552856 0.000000 353.553162
v 54.193123 490.392639 81.105759
v 106.303688 461.939758 159.094757
v 154.328903 415.734802 230.969711
v 196.423645 353.553375 293.968842
v 230.969635 277.785126 345.670685
v 256.639832 191.341721 384.088684
v 272.447296 97.545158 407.746399
v 277.784607 0.000000 415.734467
v 37.328869 490.392639 90.119881
v 73.223244 461.939758 176.776611
v 106.303551 415.734802 256.639740
v 135.298950 353.553375 326.640656
v 159.094604 277.785126 384.088623
v 176.776581 191.341721 426.776489
v 187.664902 97.545158 453.063477
v 191.341278 0.000000 461.939301
v 19.030088 490.392639 95.670753
v 37.328865 461.939758 187.665039
v 54.193020 415.734802 272.447266
v 68.974785 353.553375 346.759888
v 81.105667 277.785126 407.746277
v 90.119904 191.341721 453.063477
v 95.670662 97.545158 480.969604
v 97.544815 0.000000 490.392090
v -0.000007 490.392639 97.545052
v -0.000034 461.939758 191.341614
v -0.000045 353.553375 353.553284
v -0.000030 191.341721 461.939514
f 3 10 11
f 3 12 4
f 254 45 5
f 255 5 6
f 1 6 7
f 256 7 8
f 2 8 9
f 257 9 10
f 8 17 9
f 9 18 10
f 11 18 19
f 11 20 12
f 5 45 13
f 5 14 6
f 6 15 7
f 7 16 8
f 13 22 14
f 14 23 15
f 15 24 16
f 16 25 17
f 17 26 18
f 18 27 19
f 19 28 20
f 13 45 21
f 25 34 26
f 27 34 35
f 28 35 36
f 21 45 29
f 21 30 22
f 22 31 23
f 23 32 24
f 24 33 25
f 30 39 31
f 31 40 32
f 33 40 41
f 33 42 34
f 35 42 43
f 36 43 44
f 29 45 37
f 29 38 30
f 43 51 52
f 44 52 53
f 37 45 46
f 37 47 38
f 38 48 39
f 39 49 40
f 41 49 50
f 41 51 42
f 47 56 48
f 48 57 49
f 50 57 58
f 50 59 51
f 52 59 60
f 53 60 61
f 46 45 54
f 47 54 55
f 60 67 68
f 61 68 69
f 54 45 62
f 55 62 63
f 55 64 56
f 56 65 57
f 58 65 66
f 58 67 59
f 64 73 65
f 66 73 74
f 66 75 67
f 68 75 76
f 69 76 77
f 62 45 70
f 62 71 63
f 63 72 64
f 77 84 85
f 70 45 78
f 70 79 71
f 72 79 80
f 72 81 73
f 74 81 82
f 74 83 75
f 76 83 84
f 80 89 81
f 82 89 90
f 82 91 83
f 84 91 92
f 85 92 93
f 78 45 86
f 78 87 79
f 80 87 88
f 93 100 101
f 86 45 94
f 86 95 87
f 87 96 88
f 88 97 89
f 90 97 98
f 90 99 91
f 92 99 100
f 98 105 106
f 98 107 99
f 100 107 108
f 101 108 109
f 94 45 102
f 95 102 103
f 96 103 104
f 96 105 97
f 102 111 103
f 103 112 104
f 104 113 105
f 106 113 114
f 106 115 107
f 108 115 116
f 109 116 117
f 102 45 110
f 114 123 115
f 116 123 124
f 117 124 125
f 110 45 118
f 110 119 111
f 111 120 112
f 112 121 113
f 114 121 122
f 118 127 119
f 120 127 128
f 120 129 121
f 122 129 130
f 122 131 123
f 124 131 132
f 125 132 133
f 118 45 126
f 130 139 131
f 132 139 140
f 133 140 141
f 126 45 134
f 126 135 127
f 127 136 128
f 128 137 129
f 130 137 138
f 135 144 136
f 136 145 137
f 138 145 146
f 138 147 139
f 140 147 148
f 141 148 149
f 134 45 142
f 135 142 143
f 148 155 156
f 149 156 157
f 142 45 150
f 143 150 151
f 143 152 144
f 144 153 145
f 146 153 154
f 146 155 147
f 151 160 152
f 152 161 153
f 154 161 162
f 154 163 155
f 156 163 164
f 157 164 165
f 150 45 158
f 150 159 151
f 164 171 172
f 165 172 173
f 158 45 166
f 158 167 159
f 159 168 160
f 160 169 161
f 162 169 170
f 162 171 163
f 168 177 169
f 169 178 170
f 170 179 171
f 172 179 180
f 173 180 181
f 166 45 174
f 166 175 167
f 167 176 168
f 181 188 189
f 174 45 182
f 174 183 175
f 175 184 176
f 176 185 177
f 178 185 186
f 178 187 179
f 180 187 188
f 186 193 194
f 186 195 187
f 188 195 196
f 189 196 197
f 182 45 190
f 182 191 183
f 184 191 192
f 184 193 185
f 190 45 198
f 190 199 191
f 192 199 200
f 192 201 193
f 194 201 202
f 194 203 195
f 196 203 204
f 197 204 205
f 202 209 210
f 202 211 203
f 204 211 212
f 205 212 213
f 198 45 206
f 198 207 199
f 200 207 208
f 200 209 201
f 207 214 215
f 207 216 208
f 208 217 209
f 210 217 218
f 210 219 211
f 212 219 220
f 213 220 221
f 206 45 214
f 218 227 219
f 220 227 228
f 221 228 229
f 214 45 222
f 214 223 215
f 216 223 224
f 216 225 217
f 218 225 226
f 222 231 223
f 224 231 232
f 224 233 225
f 226 233 234
f 226 235 227
f 228 235 236
f 229 236 237
f 222 45 230
f 234 243 235
f 236 243 244
f 237 244 245
f 230 45 238
f 231 238 239
f 231 240 232
f 232 241 233
f 234 241 242
f 240 247 248
f 240 249 241
f 242 249 250
f 242 251 243
f 244 251 252
f 245 252 253
f 238 45 246
f 238 247 239
f 252 257 3
f 253 3 4
f 246 45 254
f 247 254 255
f 248 255 1
f 249 1 256
f 250 256 2
f 251 2 257
f 3 257 10
f 3 11 12
f 255 254 5
f 1 255 6
f 256 1 7
f 2 256 8
f 257 2 9
f 8 16 17
f 9 17 18
f 11 10 18
f 11 19 20
f 5 13 14
f 6 14 15
f 7 15 16
f 13 21 22
f 14 22 23
f 15 23 24
f 16 24 25
f 17 25 26
f 18 26 27
f 19 27 28
f 25 33 34
f 27 26 34
f 28 27 35
f 21 29 30
f 22 30 31
f 23 31 32
f 24 32 33
f 30 38 39
f 31 39 40
f 33 32 40
f 33 41 42
f 35 34 42
f 36 35 43
f 29 37 38
f 43 42 51
f 44 43 52
f 37 46 47
f 38 47 48
f 39 48 49
f 41 40 49
f 41 50 51
f 47 55 56
f 48 56 57
f 50 49 57
f 50 58 59
f 52 51 59
f 53 52 60
f 47 46 54
f 60 59 67
f 61 60 68
f 55 54 62
f 55 63 64
f 56 64 65
f 58 57 65
f 58 66 67
f 64 72 73
f 66 65 73
f 66 74 75
f 68 67 75
f 69 68 76
f 62 70 71
f 63 71 72
f 77 76 84
f 70 78 79
f 72 71 79
f 72 80 81
f 74 73 81
f 74 82 83
f 76 75 83
f 80 88 89
f 82 81 89
f 82 90 91
f 84 83 91
f 85 84 92
f 78 86 87
f 80 79 87
f 93 92 100
f 86 94 95
f 87 95 96
f 88 96 97
f 90 89 97
f 90 98 99
f 92 91 99
f 98 97 105
f 98 106 107
f 100 99 107
f 101 100 108
f 95 94 102
f 96 95 103
f 96 104 105
f 102 110 111
f 103 111 112
f 104 112 113
f 106 105 113
f 106 114 115
f 108 107 115
f 109 108 116
f 114 122 123
f 116 115 123
f 117 116 124
f 110 118 119
f 111 119 120
f 112 120 121
f 114 113 121
f 118 126 127
f 120 119 127
f 120 128 129
f 122 121 129
f 122 130 131
f 124 123 131
f 125 124 132
f 130 138 139
f 132 131 139
f 133 132 140
f 126 134 135
f 127 135 136
f 128 136 137
f 130 129 137
f 135 143 144
f 136 144 145
f 138 137 145
f 138 146 147
f 140 139 147
f 141 140 148
f 135 134 142
f 148 147 155
f 149 148 156
f 143 142 150
f 143 151 152
f 144 152 153
f 146 145 153
f 146 154 155
f 151 159 160
f 152 160 161
f 154 153 161
f 154 162 163
f 156 155 163
f 157 156 164
f 150 158 159
f 164 163 171
f 165 164 172
f 158 166 167
f 159 167 168
f 160 168 169
f 162 161 169
f 162 170 171
f 168 176 177
f 169 177 178
f 170 178 179
f 172 171 179
f 173 172 180
f 166 174 175
f 167 175 176
f 181 180 188
f 174 182 183
f 175 183 184
f 176 184 185
f 178 177 185
f 178 186 187
f 180 179 187
f 186 185 193
f 186 194 195
f 188 187 195
f 189 188 196
f 182 190 191
f 184 183 191
f 184 192 193
f 190 198 199
f 192 191 199
f 192 200 201
f 194 193 201
f 194 202 203
f 196 195 203
f 197 196 204
f 202 201 209
f 202 210 211
f 204 203 211
f 205 204 212
f 198 206 207
f 200 199 207
f 200 208 209
f 207 206 214
f 207 215 216
f 208 216 217
f 210 209 217
f 210 218 219
f 212 211 219
f 213 212 220
f 218 226 227
f 220 219 227
f 221 220 228
f 214 222 223
f 216 215 223
f 216 224 225
f 218 217 225
f 222 230 231
f 224 223 231
f 224 232 233
f 226 225 233
f 226 234 235
f 228 227 235
f 229 228 236
f 234 242 243
f 236 235 243
f 237 236 244
f 231 230 238
f 231 239 240
f 232 240 241
f 234 233 241
f 240 239 247
f 240 248 249
f 242 241 249
f 242 250 251
f 244 243 251
f 245 244 252
f 238 246 247
f 252 251 257
f 253 252 3
f 247 246 254
f 248 247 255
f 249 248 1
f 250 249 256
f 251 250 2
s